[
[ 0.013101175714649, 0.013101175714649, 0.013101175714649, 0.013101175714649, 0.1595762089128, 0.13065323259234, 0.12635021970106, 0.013101175714649, 0.013101175714649, 0.013101175714649, 0.057334098828285, 0.42127683424833, 0.013101175714649 ],
[ 0.0060683792772782, 0.0060683792772782, 0.0060683792772782, 0.027764757137589, 0.0060683792772782, 0.0060683792772782, 0.66358234591379, 0.0060683792772782, 0.24796910417583, 0.0060683792772782, 0.0060683792772782, 0.0060683792772782, 0.0060683792772782 ],
[ 0.044883876558626, 0.044883876558626, 0.044883876558626, 0.044883876558626, 0.044883876558626, 0.044883876558626, 0.044883876558626, 0.044883876558626, 0.044883876558626, 0.46139348129649, 0.044883876558626, 0.044883876558626, 0.044883876558626 ],
[ 0.0060683792772782, 0.0060683792772782, 0.0060683792772782, 0.86109971923397, 0.0060683792772782, 0.0060683792772782, 0.0060683792772782, 0.0060683792772782, 0.072148108715969, 0.0060683792772782, 0.0060683792772782, 0.0060683792772782, 0.0060683792772782 ],
[ 0.013101175714648, 0.013101175714648, 0.013101175714648, 0.013101175714648, 0.67918825201896, 0.17669881511992, 0.013101175714648, 0.013101175714648, 0.013101175714648, 0.013101175714648, 0.013101175714648, 0.013101175714648, 0.013101175714648 ],
[ 0.032990989179821, 0.032990989179821, 0.032990989179821, 0.41043305454303, 0.18961058543217, 0.070046468226599, 0.032990989179821, 0.032990989179821, 0.032990989179821, 0.032990989179821, 0.032990989179821, 0.032990989179821, 0.032990989179821 ],
[ 0.0012055184220259, 0.0012055184220259, 0.0012055184220259, 0.0052756572275013, 0.0012055184220259, 0.10810655609207, 0.45912641062292, 0.0012055184220259, 0.0012055184220259, 0.0012055184220259, 0.0012055184220259, 0.41664171025927, 0.0012055184220259 ],
[ 0.056540757907419, 0.056540757907419, 0.32151090511097, 0.056540757907419, 0.056540757907419, 0.056540757907419, 0.056540757907419, 0.056540757907419, 0.056540757907419, 0.056540757907419, 0.056540757907419, 0.056540757907419, 0.056540757907419 ],
[ 0.052352553617981, 0.052352553617981, 0.052352553617981, 0.052352553617981, 0.052352553617981, 0.052352553617981, 0.052352553617981, 0.052352553617981, 0.22910817688601, 0.052352553617981, 0.052352553617981, 0.052352553617981, 0.1950137333162 ],
[ 0.0056188697011835, 0.0056188697011835, 0.0056188697011835, 0.0056188697011835, 0.0056188697011835, 0.0056188697011835, 0.90080446289412, 0.0056188697011835, 0.0056188697011835, 0.0056188697011835, 0.037387970392863, 0.0056188697011835, 0.0056188697011835 ],
[ 0.015281211353565, 0.015281211353565, 0.015281211353565, 0.015281211353565, 0.015281211353565, 0.015281211353565, 0.78356914735718, 0.015281211353565, 0.015281211353565, 0.015281211353565, 0.015281211353565, 0.048337527753598, 0.015281211353565 ],
[ 0.076923076923077, 0.076923076923077, 0.076923076923077, 0.076923076923077, 0.076923076923077, 0.076923076923077, 0.076923076923077, 0.076923076923077, 0.076923076923077, 0.076923076923077, 0.076923076923077, 0.076923076923077, 0.076923076923077 ],
[ 0.015028344193002, 0.0070781575890173, 0.0070781575890173, 0.0070781575890173, 0.014439441481595, 0.0070781575890173, 0.11987398355829, 0.0070781575890173, 0.18087363653211, 0.032297493986289, 0.58793999712559, 0.0070781575890173, 0.0070781575890173 ],
[ 0.026189310874089, 0.026189310874089, 0.026189310874089, 0.026189310874089, 0.026189310874089, 0.026189310874089, 0.026189310874089, 0.026189310874089, 0.29286177852962, 0.31419557594206, 0.026189310874089, 0.026189310874089, 0.13104953678744 ],
[ 0.0076444101961384, 0.0076444101961384, 0.7370174099873, 0.0076444101961384, 0.0076444101961384, 0.0076444101961384, 0.0076444101961384, 0.0076444101961384, 0.0076444101961384, 0.033453895987314, 0.079010517989926, 0.0076444101961384, 0.081718484270212 ],
[ 0.022453112889308, 0.14476208039464, 0.022453112889308, 0.022453112889308, 0.081459096890041, 0.022453112889308, 0.022453112889308, 0.093819220683101, 0.022453112889308, 0.022453112889308, 0.022453112889308, 0.47788158602844, 0.022453112889308 ],
[ 0.035630268314207, 0.035630268314207, 0.15793923581954, 0.32983090554674, 0.035630268314207, 0.035630268314207, 0.15592717549166, 0.035630268314207, 0.035630268314207, 0.035630268314207, 0.035630268314207, 0.035630268314207, 0.035630268314207 ],
[ 0.32967327324659, 0.11019397748627, 0.013101175714648, 0.013101175714648, 0.013101175714648, 0.013101175714648, 0.33145282559781, 0.013101175714648, 0.013101175714648, 0.013101175714648, 0.013101175714648, 0.056322686474806, 0.067547831477348 ],
[ 0.00088609202828508, 0.00088609202828508, 0.44620971073386, 0.036586913740321, 0.41322277601492, 0.00088609202828508, 0.00088609202828508, 0.00088609202828508, 0.00088609202828508, 0.00088609202828508, 0.00088609202828508, 0.096005771256331, 0.00088609202828508 ],
[ 0.030547212203538, 0.030547212203538, 0.030547212203538, 0.15285617970887, 0.030547212203538, 0.13368242068901, 0.030547212203538, 0.030547212203538, 0.030547212203538, 0.030547212203538, 0.030547212203538, 0.030547212203538, 0.40798927756675 ],
[ 0.010400135677558, 0.010400135677558, 0.27222084562842, 0.010400135677558, 0.010400135677558, 0.010400135677558, 0.010400135677558, 0.044710764424571, 0.010400135677558, 0.28223650038933, 0.010400135677558, 0.045513656159727, 0.27211714797749 ],
[ 0.076923076923077, 0.076923076923077, 0.076923076923077, 0.076923076923077, 0.076923076923077, 0.076923076923077, 0.076923076923077, 0.076923076923077, 0.076923076923077, 0.076923076923077, 0.076923076923077, 0.076923076923077, 0.076923076923077 ],
[ 0.056540757907419, 0.12512786353156, 0.056540757907419, 0.056540757907419, 0.056540757907419, 0.12004733718904, 0.18941722020521, 0.056540757907419, 0.056540757907419, 0.056540757907419, 0.056540757907419, 0.056540757907419, 0.056540757907419 ],
[ 0.12172211791002, 0.038480689779343, 0.038480689779343, 0.45499029451721, 0.038480689779343, 0.038480689779343, 0.038480689779343, 0.038480689779343, 0.038480689779343, 0.038480689779343, 0.038480689779343, 0.038480689779343, 0.038480689779343 ],
[ 0.1024913534473, 0.019249925316624, 0.084242601166417, 0.044469261713895, 0.019249925316624, 0.13720316036093, 0.18866160365911, 0.019249925316624, 0.12846588369099, 0.056305404363398, 0.019249925316624, 0.019249925316624, 0.16191110501484 ],
[ 0.019249925316622, 0.10915066769775, 0.019249925316622, 0.019249925316622, 0.019249925316622, 0.019249925316622, 0.12411015122997, 0.019249925316622, 0.30506759548748, 0.2884222577352, 0.019249925316622, 0.019249925316622, 0.019249925316622 ],
[ 0.27467646777998, 0.0028108337644633, 0.0028108337644633, 0.0028108337644633, 0.0028108337644633, 0.12914189425862, 0.0028108337644633, 0.0028108337644633, 0.0028108337644633, 0.0028108337644633, 0.55693845872038, 0.013945675360851, 0.0028108337644633 ],
[ 0.032990989179821, 0.10157809480396, 0.13785121509317, 0.15374429487487, 0.091793377403534, 0.032990989179821, 0.032990989179821, 0.032990989179821, 0.032990989179821, 0.032990989179821, 0.032990989179821, 0.032990989179821, 0.25110510438589 ],
[ 0.019249925316623, 0.019249925316623, 0.019249925316623, 0.019249925316623, 0.019249925316623, 0.05926984268714, 0.72898097883001, 0.019249925316623, 0.019249925316623, 0.019249925316623, 0.019249925316623, 0.019249925316623, 0.019249925316623 ],
[ 0.024249361920453, 0.024249361920453, 0.024249361920453, 0.024249361920453, 0.10612141560056, 0.024249361920453, 0.024249361920453, 0.38939891506332, 0.14873700614518, 0.024249361920453, 0.13749840590687, 0.024249361920453, 0.024249361920453 ],
[ 0.035630268314206, 0.035630268314206, 0.035630268314206, 0.035630268314206, 0.035630268314206, 0.035630268314206, 0.52575754860855, 0.035630268314206, 0.082309499935178, 0.035630268314206, 0.035630268314206, 0.035630268314206, 0.035630268314206 ],
[ 0.061064018540013, 0.061064018540013, 0.061064018540013, 0.061064018540013, 0.061064018540013, 0.061064018540013, 0.061064018540013, 0.061064018540013, 0.26723177751984, 0.061064018540013, 0.061064018540013, 0.061064018540013, 0.061064018540013 ],
[ 0.03299098917982, 0.03299098917982, 0.03299098917982, 0.23791262253485, 0.03299098917982, 0.03299098917982, 0.03299098917982, 0.03299098917982, 0.03299098917982, 0.15094422422414, 0.03299098917982, 0.03299098917982, 0.28123326144281 ],
[ 0.052352553617981, 0.052352553617981, 0.052352553617981, 0.052352553617981, 0.22910817688601, 0.052352553617981, 0.1950137333162, 0.052352553617981, 0.052352553617981, 0.052352553617981, 0.052352553617981, 0.052352553617981, 0.052352553617981 ],
[ 0.065949140023214, 0.065949140023214, 0.065949140023214, 0.20861031972143, 0.065949140023214, 0.065949140023214, 0.065949140023214, 0.065949140023214, 0.065949140023214, 0.065949140023214, 0.065949140023214, 0.065949140023214, 0.065949140023214 ],
[ 0.065949140023214, 0.065949140023214, 0.065949140023214, 0.065949140023214, 0.065949140023214, 0.20861031972143, 0.065949140023214, 0.065949140023214, 0.065949140023214, 0.065949140023214, 0.065949140023214, 0.065949140023214, 0.065949140023214 ],
[ 0.00010528549045537, 0.14515013526651, 4.7574706855754e-05, 4.7574706855754e-05, 4.7574706855754e-05, 0.05459936083226, 4.7574706855754e-05, 4.7574706855754e-05, 0.0014870541634385, 0.58680558332289, 0.20961887688286, 0.001948255800449, 4.7574706855754e-05 ],
[ 0.061064018540013, 0.061064018540013, 0.061064018540013, 0.061064018540013, 0.061064018540013, 0.061064018540013, 0.061064018540013, 0.13513809261409, 0.061064018540013, 0.061064018540013, 0.061064018540013, 0.061064018540013, 0.19315770344577 ],
[ 0.061064018540013, 0.061064018540013, 0.061064018540013, 0.061064018540013, 0.061064018540013, 0.061064018540013, 0.061064018540013, 0.061064018540013, 0.061064018540013, 0.061064018540013, 0.26723177751985, 0.061064018540013, 0.061064018540013 ],
[ 0.037002781607823, 0.001301959895788, 0.001301959895788, 0.3522262519173, 0.001301959895788, 0.033071060587467, 0.001301959895788, 0.001301959895788, 0.001301959895788, 0.001301959895788, 0.56598226682531, 0.001301959895788, 0.001301959895788 ],
[ 0.075236575104652, 0.020789919341952, 0.020789919341952, 0.020789919341952, 0.020789919341952, 0.020789919341952, 0.020789919341952, 0.020789919341952, 0.22934844568964, 0.089377024966094, 0.020789919341952, 0.23859445025976, 0.20112414924425 ],
[ 0.082919205560343, 0.0026026238559845, 0.0026026238559845, 0.47539548195994, 0.0026026238559845, 0.34147177803982, 0.0026026238559845, 0.0026026238559845, 0.053438682331161, 0.0026026238559845, 0.025953861260865, 0.0026026238559845, 0.0026026238559845 ],
[ 0.0082559630118288, 0.016842164544133, 0.0082559630118288, 0.13913009490873, 0.0082559630118288, 0.017529060666717, 0.0082559630118288, 0.0082559630118288, 0.224994878532, 0.17305727978103, 0.0082559630118288, 0.37065478048459, 0.0082559630118288 ],
[ 0.15333481259666, 0.048474586683316, 0.048474586683316, 0.186055240039, 0.048474586683316, 0.048474586683316, 0.048474586683316, 0.048474586683316, 0.048474586683316, 0.048474586683316, 0.048474586683316, 0.048474586683316, 0.17586408053117 ],
[ 0.0060683792772784, 0.0060683792772784, 0.0060683792772784, 0.0060683792772784, 0.062721096560107, 0.052747610898249, 0.0060683792772784, 0.82384749976886, 0.0060683792772784, 0.0060683792772784, 0.0060683792772784, 0.0060683792772784, 0.0060683792772784 ],
[ 0.030547212203537, 0.030547212203537, 0.030547212203537, 0.030547212203537, 0.030547212203537, 0.48855331027368, 0.030547212203537, 0.030547212203537, 0.070567129574055, 0.13540743811689, 0.030547212203537, 0.030547212203537, 0.030547212203537 ],
[ 0.076923076923077, 0.076923076923077, 0.076923076923077, 0.076923076923077, 0.076923076923077, 0.076923076923077, 0.076923076923077, 0.076923076923077, 0.076923076923077, 0.076923076923077, 0.076923076923077, 0.076923076923077, 0.076923076923077 ],
[ 0.061064018540013, 0.13513809261409, 0.061064018540013, 0.061064018540013, 0.061064018540013, 0.061064018540013, 0.061064018540013, 0.061064018540013, 0.061064018540013, 0.061064018540013, 0.19315770344577, 0.061064018540013, 0.061064018540013 ],
[ 0.019249925316622, 0.13383754387057, 0.019249925316622, 0.019249925316622, 0.019249925316622, 0.019249925316622, 0.27855128459862, 0.019249925316622, 0.24861025400632, 0.040871441432255, 0.019249925316622, 0.14413007355926, 0.019249925316622 ],
[ 0.038480689779344, 0.23155543962821, 0.038480689779344, 0.16840134953099, 0.038480689779344, 0.038480689779344, 0.038480689779344, 0.038480689779344, 0.038480689779344, 0.092927345542044, 0.038480689779344, 0.038480689779344, 0.16078965728467 ],
[ 0.012130718254304, 0.012130718254304, 0.012130718254304, 0.18888634152233, 0.012130718254304, 0.3069899397733, 0.15699507698865, 0.012130718254304, 0.012130718254304, 0.16673825417876, 0.012130718254304, 0.038371887982013, 0.057103471774812 ],
[ 0.0060683792772782, 0.0060683792772782, 0.84061131728878, 0.0060683792772782, 0.0060683792772782, 0.072148108715973, 0.0060683792772782, 0.0060683792772782, 0.0060683792772782, 0.026556781222464, 0.0060683792772782, 0.0060683792772782, 0.0060683792772782 ],
[ 0.076923076923077, 0.076923076923077, 0.076923076923077, 0.076923076923077, 0.076923076923077, 0.076923076923077, 0.076923076923077, 0.076923076923077, 0.076923076923077, 0.076923076923077, 0.076923076923077, 0.076923076923077, 0.076923076923077 ],
[ 0.065949140023214, 0.065949140023214, 0.065949140023214, 0.065949140023214, 0.065949140023214, 0.065949140023214, 0.065949140023214, 0.20861031972143, 0.065949140023214, 0.065949140023214, 0.065949140023214, 0.065949140023214, 0.065949140023214 ],
[ 0.099745136392524, 0.090577782335925, 0.64463999865304, 0.016503708261851, 0.016503708261851, 0.016503708261851, 0.016503708261851, 0.016503708261851, 0.016503708261851, 0.016503708261851, 0.016503708261851, 0.016503708261851, 0.016503708261851 ],
[ 0.076923076923077, 0.076923076923077, 0.076923076923077, 0.076923076923077, 0.076923076923077, 0.076923076923077, 0.076923076923077, 0.076923076923077, 0.076923076923077, 0.076923076923077, 0.076923076923077, 0.076923076923077, 0.076923076923077 ],
[ 0.071225071225071, 0.071225071225071, 0.071225071225071, 0.071225071225071, 0.071225071225071, 0.071225071225071, 0.071225071225071, 0.071225071225071, 0.14529914529915, 0.071225071225071, 0.071225071225071, 0.071225071225071, 0.071225071225071 ],
[ 0.020789919341952, 0.020789919341952, 0.020789919341952, 0.020789919341952, 0.020789919341952, 0.020789919341952, 0.020789919341952, 0.020789919341952, 0.020789919341952, 0.020789919341952, 0.020789919341952, 0.020789919341952, 0.75052096789657 ],
[ 0.0070781575890175, 0.0070781575890175, 0.0070781575890175, 0.0070781575890175, 0.0070781575890175, 0.0070781575890175, 0.0070781575890175, 0.0070781575890175, 0.0070781575890175, 0.0070781575890175, 0.81956654551932, 0.10257372100149, 0.0070781575890175 ],
[ 0.020789919341952, 0.020789919341952, 0.020789919341952, 0.75052096789657, 0.020789919341952, 0.020789919341952, 0.020789919341952, 0.020789919341952, 0.020789919341952, 0.020789919341952, 0.020789919341952, 0.020789919341952, 0.020789919341952 ],
[ 0.00047872795168765, 0.0051148200976354, 0.48333791491257, 0.00047872795168765, 0.00047872795168765, 0.00047872795168765, 0.00047872795168765, 0.00047872795168765, 0.066787250034124, 0.00047872795168765, 0.00047872795168765, 0.43626001238552, 0.0046701789566426 ],
[ 0.025305677066227, 0.66352763116234, 0.0048172751210421, 0.0048172751210421, 0.0048172751210421, 0.070897004559733, 0.0048172751210421, 0.0048172751210421, 0.0048172751210421, 0.0048172751210421, 0.0048172751210421, 0.0048172751210421, 0.19691421112232 ],
[ 0.15480818894811, 0.041559144961691, 0.041559144961691, 0.18422032465991, 0.041559144961691, 0.18187345749347, 0.041559144961691, 0.041559144961691, 0.041559144961691, 0.041559144961691, 0.1050657242433, 0.041559144961691, 0.041559144961691 ],
[ 0.061064018540013, 0.061064018540013, 0.061064018540013, 0.061064018540013, 0.19315770344577, 0.061064018540013, 0.13513809261409, 0.061064018540013, 0.061064018540013, 0.061064018540013, 0.061064018540013, 0.061064018540013, 0.061064018540013 ],
[ 0.065949140023214, 0.065949140023214, 0.065949140023214, 0.065949140023214, 0.065949140023214, 0.13453624564736, 0.14002321409729, 0.065949140023214, 0.065949140023214, 0.065949140023214, 0.065949140023214, 0.065949140023214, 0.065949140023214 ],
[ 0.076923076923077, 0.076923076923077, 0.076923076923077, 0.076923076923077, 0.076923076923077, 0.076923076923077, 0.076923076923077, 0.076923076923077, 0.076923076923077, 0.076923076923077, 0.076923076923077, 0.076923076923077, 0.076923076923077 ],
[ 0.061064018540013, 0.061064018540013, 0.061064018540013, 0.061064018540013, 0.061064018540013, 0.12965112416416, 0.061064018540013, 0.061064018540013, 0.061064018540013, 0.13513809261409, 0.061064018540013, 0.061064018540013, 0.12457059782163 ],
[ 0.044883876558626, 0.044883876558626, 0.044883876558626, 0.044883876558626, 0.044883876558626, 0.044883876558626, 0.044883876558626, 0.46139348129649, 0.044883876558626, 0.044883876558626, 0.044883876558626, 0.044883876558626, 0.044883876558626 ],
[ 0.016503708261851, 0.71205475847666, 0.016503708261851, 0.016503708261851, 0.016503708261851, 0.016503708261851, 0.10640445064298, 0.016503708261851, 0.016503708261851, 0.016503708261851, 0.016503708261851, 0.016503708261851, 0.016503708261851 ],
[ 0.032990989179821, 0.032990989179821, 0.032990989179821, 0.032990989179821, 0.032990989179821, 0.032990989179821, 0.032990989179821, 0.032990989179821, 0.3735635010215, 0.032990989179821, 0.032990989179821, 0.032990989179821, 0.26353561800047 ],
[ 0.026189310874089, 0.026189310874089, 0.026189310874089, 0.026189310874089, 0.026189310874089, 0.30493556925231, 0.026189310874089, 0.15067695509881, 0.026189310874089, 0.026189310874089, 0.026189310874089, 0.026189310874089, 0.28249436690798 ],
[ 0.061064018540013, 0.26723177751984, 0.061064018540013, 0.061064018540013, 0.061064018540013, 0.061064018540013, 0.061064018540013, 0.061064018540013, 0.061064018540013, 0.061064018540013, 0.061064018540013, 0.061064018540013, 0.061064018540013 ],
[ 0.013101175714648, 0.29802676375739, 0.28769097527207, 0.11019397748627, 0.013101175714648, 0.013101175714648, 0.013101175714648, 0.013101175714648, 0.013101175714648, 0.013101175714648, 0.18617770205244, 0.013101175714648, 0.013101175714648 ],
[ 0.0030357004656203, 0.0030357004656203, 0.0030357004656203, 0.48966551990603, 0.051606274267773, 0.0030357004656203, 0.41120734457767, 0.0030357004656203, 0.0030357004656203, 0.0030357004656203, 0.020199557057945, 0.0030357004656203, 0.0030357004656203 ],
[ 0.044883876558626, 0.044883876558626, 0.044883876558626, 0.044883876558626, 0.044883876558626, 0.044883876558626, 0.044883876558626, 0.044883876558626, 0.044883876558626, 0.044883876558626, 0.46139348129649, 0.044883876558626, 0.044883876558626 ],
[ 0.044883876558626, 0.044883876558626, 0.044883876558626, 0.044883876558626, 0.044883876558626, 0.044883876558626, 0.044883876558626, 0.044883876558626, 0.044883876558626, 0.044883876558626, 0.044883876558626, 0.46139348129649, 0.044883876558626 ],
[ 0.015281211353565, 0.015281211353565, 0.68175196785557, 0.015281211353565, 0.015281211353565, 0.015281211353565, 0.10518195373469, 0.015281211353565, 0.015281211353565, 0.015281211353565, 0.015281211353565, 0.060253964874081, 0.015281211353565 ],
[ 0.04155914496169, 0.04155914496169, 0.04155914496169, 0.04155914496169, 0.04155914496169, 0.04155914496169, 0.04155914496169, 0.04155914496169, 0.15547929439395, 0.04155914496169, 0.04155914496169, 0.13145988734282, 0.29746936864632 ],
[ 0.076923076923077, 0.076923076923077, 0.076923076923077, 0.076923076923077, 0.076923076923077, 0.076923076923077, 0.076923076923077, 0.076923076923077, 0.076923076923077, 0.076923076923077, 0.076923076923077, 0.076923076923077, 0.076923076923077 ],
[ 0.33018640698235, 0.001406116687451, 0.41437479779034, 0.20135771098229, 0.001406116687451, 0.001406116687451, 0.001406116687451, 0.001406116687451, 0.001406116687451, 0.001406116687451, 0.041426034057968, 0.001406116687451, 0.001406116687451 ],
[ 0.076923076923077, 0.076923076923077, 0.076923076923077, 0.076923076923077, 0.076923076923077, 0.076923076923077, 0.076923076923077, 0.076923076923077, 0.076923076923077, 0.076923076923077, 0.076923076923077, 0.076923076923077, 0.076923076923077 ],
[ 0.0048172751210421, 0.0048172751210421, 0.0048172751210421, 0.0048172751210421, 0.0048172751210421, 0.0048172751210421, 0.71241287615343, 0.0048172751210421, 0.0048172751210421, 0.0048172751210421, 0.23459709751511, 0.0048172751210421, 0.0048172751210421 ],
[ 0.012130718254304, 0.012130718254304, 0.85443138094835, 0.012130718254304, 0.012130718254304, 0.012130718254304, 0.012130718254304, 0.012130718254304, 0.012130718254304, 0.012130718254304, 0.012130718254304, 0.012130718254304, 0.012130718254304 ],
[ 0.052352553617981, 0.052352553617981, 0.052352553617981, 0.37176935658423, 0.052352553617981, 0.052352553617981, 0.052352553617981, 0.052352553617981, 0.052352553617981, 0.052352553617981, 0.052352553617981, 0.052352553617981, 0.052352553617981 ],
[ 0.13943835486051, 0.026189310874089, 0.026189310874089, 0.026189310874089, 0.1146111288486, 0.026189310874089, 0.026189310874089, 0.48405740755, 0.026189310874089, 0.026189310874089, 0.026189310874089, 0.026189310874089, 0.026189310874089 ],
[ 0.030547212203537, 0.030547212203537, 0.030547212203537, 0.030547212203537, 0.094053791485151, 0.030547212203537, 0.030547212203537, 0.084993867966242, 0.030547212203537, 0.13368242068901, 0.030547212203537, 0.41234501002776, 0.030547212203537 ],
[ 0.39996640985578, 0.024249361920453, 0.10612141560055, 0.024249361920453, 0.024249361920453, 0.024249361920453, 0.13346532029482, 0.024249361920453, 0.024249361920453, 0.024249361920453, 0.14220259696477, 0.024249361920453, 0.024249361920453 ],
[ 0.076923076923077, 0.076923076923077, 0.076923076923077, 0.076923076923077, 0.076923076923077, 0.076923076923077, 0.076923076923077, 0.076923076923077, 0.076923076923077, 0.076923076923077, 0.076923076923077, 0.076923076923077, 0.076923076923077 ],
[ 0.076923076923077, 0.076923076923077, 0.076923076923077, 0.076923076923077, 0.076923076923077, 0.076923076923077, 0.076923076923077, 0.076923076923077, 0.076923076923077, 0.076923076923077, 0.076923076923077, 0.076923076923077, 0.076923076923077 ],
[ 0.052352553617981, 0.25381612153992, 0.052352553617981, 0.052352553617981, 0.052352553617981, 0.052352553617981, 0.052352553617981, 0.1703057886623, 0.052352553617981, 0.052352553617981, 0.052352553617981, 0.052352553617981, 0.052352553617981 ],
[ 0.14529914529915, 0.071225071225071, 0.071225071225071, 0.071225071225071, 0.071225071225071, 0.071225071225071, 0.071225071225071, 0.071225071225071, 0.071225071225071, 0.071225071225071, 0.071225071225071, 0.071225071225071, 0.071225071225071 ],
[ 0.076923076923077, 0.076923076923077, 0.076923076923077, 0.076923076923077, 0.076923076923077, 0.076923076923077, 0.076923076923077, 0.076923076923077, 0.076923076923077, 0.076923076923077, 0.076923076923077, 0.076923076923077, 0.076923076923077 ],
[ 0.012130718254304, 0.012130718254304, 0.012130718254304, 0.85443138094835, 0.012130718254304, 0.012130718254304, 0.012130718254304, 0.012130718254304, 0.012130718254304, 0.012130718254304, 0.012130718254304, 0.012130718254304, 0.012130718254304 ],
[ 0.056540757907419, 0.056540757907419, 0.056540757907419, 0.32151090511097, 0.056540757907419, 0.056540757907419, 0.056540757907419, 0.056540757907419, 0.056540757907419, 0.056540757907419, 0.056540757907419, 0.056540757907419, 0.056540757907419 ],
[ 0.019249925316623, 0.019249925316623, 0.019249925316623, 0.019249925316623, 0.76900089620053, 0.019249925316623, 0.019249925316623, 0.019249925316623, 0.019249925316623, 0.019249925316623, 0.019249925316623, 0.019249925316623, 0.019249925316623 ],
[ 0.076923076923077, 0.076923076923077, 0.076923076923077, 0.076923076923077, 0.076923076923077, 0.076923076923077, 0.076923076923077, 0.076923076923077, 0.076923076923077, 0.076923076923077, 0.076923076923077, 0.076923076923077, 0.076923076923077 ],
[ 0.013101175714648, 0.013101175714648, 0.057334098828278, 0.05015665476142, 0.013101175714648, 0.013101175714648, 0.12864649529383, 0.12490979209895, 0.063514745865296, 0.013101175714648, 0.37048093916327, 0.013101175714648, 0.12635021970107 ],
[ 0.048474586683316, 0.048474586683316, 0.048474586683316, 0.048474586683316, 0.048474586683316, 0.048474586683316, 0.048474586683316, 0.048474586683316, 0.048474586683316, 0.19113576638153, 0.16642782172763, 0.048474586683316, 0.15769054505768 ],
[ 0.03299098917982, 0.03299098917982, 0.2965580114352, 0.03299098917982, 0.03299098917982, 0.096497568461436, 0.03299098917982, 0.03299098917982, 0.03299098917982, 0.03299098917982, 0.03299098917982, 0.03299098917982, 0.27703452830516 ],
[ 0.11198116596493, 0.048474586683316, 0.048474586683316, 0.048474586683316, 0.048474586683316, 0.048474586683316, 0.048474586683316, 0.048474586683316, 0.3547983805186, 0.048474586683316, 0.048474586683316, 0.048474586683316, 0.048474586683316 ],
[ 0.032990989179821, 0.032990989179821, 0.032990989179821, 0.032990989179821, 0.032990989179821, 0.032990989179821, 0.032990989179821, 0.032990989179821, 0.096497568461437, 0.032990989179821, 0.14624003316624, 0.032990989179821, 0.42735250657412 ],
[ 0.011232146531763, 0.011232146531763, 0.79114016754477, 0.085306220605837, 0.011232146531763, 0.011232146531763, 0.011232146531763, 0.011232146531763, 0.011232146531763, 0.011232146531763, 0.011232146531763, 0.011232146531763, 0.011232146531763 ],
[ 0.012130718254303, 0.012130718254303, 0.012130718254303, 0.20096021613163, 0.012130718254303, 0.012130718254303, 0.52244675721504, 0.012130718254303, 0.086461264371835, 0.080955297992758, 0.012130718254303, 0.012130718254303, 0.012130718254303 ],
[ 0.071225071225071, 0.14529914529915, 0.071225071225071, 0.071225071225071, 0.071225071225071, 0.071225071225071, 0.071225071225071, 0.071225071225071, 0.071225071225071, 0.071225071225071, 0.071225071225071, 0.071225071225071, 0.071225071225071 ],
[ 0.076923076923077, 0.076923076923077, 0.076923076923077, 0.076923076923077, 0.076923076923077, 0.076923076923077, 0.076923076923077, 0.076923076923077, 0.076923076923077, 0.076923076923077, 0.076923076923077, 0.076923076923077, 0.076923076923077 ],
[ 0.061064018540013, 0.061064018540013, 0.061064018540013, 0.061064018540013, 0.061064018540013, 0.061064018540013, 0.12457059782163, 0.061064018540013, 0.061064018540013, 0.061064018540013, 0.20372519823823, 0.061064018540013, 0.061064018540013 ],
[ 0.035630268314207, 0.035630268314207, 0.035630268314207, 0.035630268314207, 0.035630268314207, 0.035630268314207, 0.035630268314207, 0.035630268314207, 0.035630268314207, 0.14049049422755, 0.46757655431617, 0.035630268314207, 0.035630268314207 ],
[ 0.071225071225071, 0.071225071225071, 0.071225071225071, 0.071225071225071, 0.071225071225071, 0.071225071225071, 0.14529914529915, 0.071225071225071, 0.071225071225071, 0.071225071225071, 0.071225071225071, 0.071225071225071, 0.071225071225071 ],
[ 0.00655384961946, 0.202418660511, 0.59512172457161, 0.00655384961946, 0.00655384961946, 0.13692111872279, 0.00655384961946, 0.00655384961946, 0.00655384961946, 0.00655384961946, 0.00655384961946, 0.00655384961946, 0.00655384961946 ],
[ 0.04155914496169, 0.50129026045971, 0.04155914496169, 0.04155914496169, 0.04155914496169, 0.04155914496169, 0.04155914496169, 0.04155914496169, 0.04155914496169, 0.04155914496169, 0.04155914496169, 0.04155914496169, 0.04155914496169 ],
[ 0.065949140023214, 0.065949140023214, 0.065949140023214, 0.065949140023214, 0.065949140023214, 0.065949140023214, 0.065949140023214, 0.065949140023214, 0.065949140023214, 0.20861031972143, 0.065949140023214, 0.065949140023214, 0.065949140023214 ],
[ 0.00075968109420876, 0.31085787189379, 0.00075968109420876, 0.00075968109420876, 0.00075968109420876, 0.00075968109420876, 0.00075968109420876, 0.00075968109420876, 0.00075968109420876, 0.00075968109420876, 0.6239367659718, 0.057608551192319, 0.00075968109420876 ],
[ 0.041559144961691, 0.041559144961691, 0.041559144961691, 0.041559144961691, 0.041559144961691, 0.20004699296696, 0.091972715112337, 0.041559144961691, 0.041559144961691, 0.041559144961691, 0.11563321903576, 0.21831476822972, 0.041559144961691 ],
[ 0.061064018540013, 0.061064018540013, 0.061064018540013, 0.061064018540013, 0.061064018540013, 0.26723177751984, 0.061064018540013, 0.061064018540013, 0.061064018540013, 0.061064018540013, 0.061064018540013, 0.061064018540013, 0.061064018540013 ],
[ 0.056540757907419, 0.056540757907419, 0.17884972541275, 0.056540757907419, 0.056540757907419, 0.19920193760564, 0.056540757907419, 0.056540757907419, 0.056540757907419, 0.056540757907419, 0.056540757907419, 0.056540757907419, 0.056540757907419 ],
[ 0.061064018540013, 0.061064018540013, 0.061064018540013, 0.061064018540013, 0.061064018540013, 0.061064018540013, 0.061064018540013, 0.26723177751984, 0.061064018540013, 0.061064018540013, 0.061064018540013, 0.061064018540013, 0.061064018540013 ],
[ 0.048474586683316, 0.12254866075739, 0.048474586683316, 0.048474586683316, 0.048474586683316, 0.048474586683316, 0.048474586683316, 0.048474586683316, 0.048474586683316, 0.048474586683316, 0.34423088572613, 0.048474586683316, 0.048474586683316 ],
[ 0.035630268314207, 0.57243678022952, 0.035630268314207, 0.035630268314207, 0.035630268314207, 0.035630268314207, 0.035630268314207, 0.035630268314207, 0.035630268314207, 0.035630268314207, 0.035630268314207, 0.035630268314207, 0.035630268314207 ],
[ 0.065949140023214, 0.065949140023214, 0.20861031972143, 0.065949140023214, 0.065949140023214, 0.065949140023214, 0.065949140023214, 0.065949140023214, 0.065949140023214, 0.065949140023214, 0.065949140023214, 0.065949140023214, 0.065949140023214 ],
[ 0.076923076923077, 0.076923076923077, 0.076923076923077, 0.076923076923077, 0.076923076923077, 0.076923076923077, 0.076923076923077, 0.076923076923077, 0.076923076923077, 0.076923076923077, 0.076923076923077, 0.076923076923077, 0.076923076923077 ],
[ 0.032990989179821, 0.032990989179821, 0.032990989179821, 0.15328789635727, 0.032990989179821, 0.29796113638337, 0.079670220800786, 0.032990989179821, 0.032990989179821, 0.032990989179821, 0.17216184384018, 0.032990989179821, 0.032990989179821 ],
[ 0.052352553617981, 0.052352553617981, 0.17466152112331, 0.052352553617981, 0.18087328345476, 0.12093965924212, 0.052352553617981, 0.052352553617981, 0.052352553617981, 0.052352553617981, 0.052352553617981, 0.052352553617981, 0.052352553617981 ],
[ 0.041559144961691, 0.041559144961691, 0.041559144961691, 0.041559144961691, 0.041559144961691, 0.041559144961691, 0.041559144961691, 0.16386811246702, 0.041559144961691, 0.041559144961691, 0.37898129295438, 0.041559144961691, 0.041559144961691 ],
[ 0.00047872795168765, 0.00047872795168765, 0.22033541855242, 0.02999641050263, 0.00047872795168765, 0.74488089142807, 0.00047872795168765, 0.00047872795168765, 0.00047872795168765, 0.00047872795168765, 0.00047872795168765, 0.00047872795168765, 0.00047872795168765 ],
[ 0.79840279306138, 0.007078157589017, 0.007078157589017, 0.017894298693677, 0.007078157589017, 0.11292133235477, 0.007078157589017, 0.007078157589017, 0.007078157589017, 0.007078157589017, 0.007078157589017, 0.007078157589017, 0.007078157589017 ],
[ 0.006068379277278, 0.006068379277278, 0.006068379277278, 0.3785416226759, 0.006068379277278, 0.006068379277278, 0.006068379277278, 0.006068379277278, 0.006068379277278, 0.006068379277278, 0.55470620527404, 0.006068379277278, 0.006068379277278 ],
[ 0.04155914496169, 0.04155914496169, 0.04155914496169, 0.04155914496169, 0.04155914496169, 0.04155914496169, 0.41138951807859, 0.04155914496169, 0.04155914496169, 0.04155914496169, 0.13145988734282, 0.04155914496169, 0.04155914496169 ],
[ 0.076923076923077, 0.076923076923077, 0.076923076923077, 0.076923076923077, 0.076923076923077, 0.076923076923077, 0.076923076923077, 0.076923076923077, 0.076923076923077, 0.076923076923077, 0.076923076923077, 0.076923076923077, 0.076923076923077 ],
[ 0.065949140023214, 0.065949140023214, 0.065949140023214, 0.065949140023214, 0.065949140023214, 0.065949140023214, 0.065949140023214, 0.13453624564736, 0.065949140023214, 0.14002321409729, 0.065949140023214, 0.065949140023214, 0.065949140023214 ],
[ 0.076923076923077, 0.076923076923077, 0.076923076923077, 0.076923076923077, 0.076923076923077, 0.076923076923077, 0.076923076923077, 0.076923076923077, 0.076923076923077, 0.076923076923077, 0.076923076923077, 0.076923076923077, 0.076923076923077 ],
[ 0.071225071225071, 0.071225071225071, 0.071225071225071, 0.071225071225071, 0.071225071225071, 0.071225071225071, 0.071225071225071, 0.071225071225071, 0.071225071225071, 0.14529914529915, 0.071225071225071, 0.071225071225071, 0.071225071225071 ],
[ 0.076923076923077, 0.076923076923077, 0.076923076923077, 0.076923076923077, 0.076923076923077, 0.076923076923077, 0.076923076923077, 0.076923076923077, 0.076923076923077, 0.076923076923077, 0.076923076923077, 0.076923076923077, 0.076923076923077 ],
[ 0.065949140023214, 0.065949140023214, 0.065949140023214, 0.065949140023214, 0.065949140023214, 0.065949140023214, 0.065949140023214, 0.14002321409729, 0.065949140023214, 0.065949140023214, 0.065949140023214, 0.13453624564736, 0.065949140023214 ],
[ 0.31831565331097, 0.015281211353566, 0.015281211353566, 0.015281211353566, 0.015281211353566, 0.015281211353566, 0.015281211353566, 0.39700506443026, 0.13186716872311, 0.015281211353566, 0.015281211353566, 0.015281211353566, 0.015281211353566 ],
[ 0.076923076923077, 0.076923076923077, 0.076923076923077, 0.076923076923077, 0.076923076923077, 0.076923076923077, 0.076923076923077, 0.076923076923077, 0.076923076923077, 0.076923076923077, 0.076923076923077, 0.076923076923077, 0.076923076923077 ],
[ 0.076923076923077, 0.076923076923077, 0.076923076923077, 0.076923076923077, 0.076923076923077, 0.076923076923077, 0.076923076923077, 0.076923076923077, 0.076923076923077, 0.076923076923077, 0.076923076923077, 0.076923076923077, 0.076923076923077 ],
[ 0.061064018540013, 0.061064018540013, 0.061064018540013, 0.061064018540013, 0.061064018540013, 0.061064018540013, 0.26723177751984, 0.061064018540013, 0.061064018540013, 0.061064018540013, 0.061064018540013, 0.061064018540013, 0.061064018540013 ],
[ 0.071225071225071, 0.071225071225071, 0.071225071225071, 0.14529914529915, 0.071225071225071, 0.071225071225071, 0.071225071225071, 0.071225071225071, 0.071225071225071, 0.071225071225071, 0.071225071225071, 0.071225071225071, 0.071225071225071 ],
[ 0.038480689779343, 0.038480689779343, 0.11255476385342, 0.16840134953099, 0.038480689779343, 0.038480689779343, 0.038480689779343, 0.038480689779343, 0.28382341867152, 0.038480689779343, 0.038480689779343, 0.088894259929988, 0.038480689779343 ],
[ 0.076923076923077, 0.076923076923077, 0.076923076923077, 0.076923076923077, 0.076923076923077, 0.076923076923077, 0.076923076923077, 0.076923076923077, 0.076923076923077, 0.076923076923077, 0.076923076923077, 0.076923076923077, 0.076923076923077 ],
[ 0.076923076923077, 0.076923076923077, 0.076923076923077, 0.076923076923077, 0.076923076923077, 0.076923076923077, 0.076923076923077, 0.076923076923077, 0.076923076923077, 0.076923076923077, 0.076923076923077, 0.076923076923077, 0.076923076923077 ],
[ 0.076923076923077, 0.076923076923077, 0.076923076923077, 0.076923076923077, 0.076923076923077, 0.076923076923077, 0.076923076923077, 0.076923076923077, 0.076923076923077, 0.076923076923077, 0.076923076923077, 0.076923076923077, 0.076923076923077 ],
[ 0.62498369241256, 0.016503708261851, 0.016503708261851, 0.016503708261851, 0.016503708261851, 0.016503708261851, 0.016503708261851, 0.19347551670708, 0.016503708261851, 0.016503708261851, 0.016503708261851, 0.016503708261851, 0.016503708261851 ],
[ 0.076923076923077, 0.076923076923077, 0.076923076923077, 0.076923076923077, 0.076923076923077, 0.076923076923077, 0.076923076923077, 0.076923076923077, 0.076923076923077, 0.076923076923077, 0.076923076923077, 0.076923076923077, 0.076923076923077 ],
]