[
[ 0.0070781575890179, 0.0070781575890179, 0.0070781575890179, 0.0070781575890179, 0.12943557114253, 0.070587876229244, 0.068263092254469, 0.053757389209988, 0.0070781575890179, 0.0070781575890179, 0.030975829617883, 0.59743313842276, 0.0070781575890179 ],
[ 0.0044604399268909, 0.0044604399268909, 0.0044604399268909, 0.020407925351772, 0.0044604399268909, 0.0044604399268909, 0.48775283403534, 0.0044604399268909, 0.30457366164576, 0.14712161962511, 0.0044604399268909, 0.0044604399268909, 0.0044604399268909 ],
[ 0.020789919341953, 0.020789919341953, 0.020789919341953, 0.094863993416027, 0.071203489492599, 0.020789919341953, 0.020789919341953, 0.020789919341953, 0.020789919341953, 0.48037082163042, 0.16645242138338, 0.020789919341953, 0.020789919341953 ],
[ 0.0048172751210421, 0.0048172751210421, 0.0048172751210421, 0.88973647884117, 0.0048172751210421, 0.0048172751210421, 0.0048172751210421, 0.0048172751210421, 0.057273494827365, 0.0048172751210421, 0.0048172751210421, 0.0048172751210421, 0.0048172751210421 ],
[ 0.0076444101961386, 0.066446798419855, 0.0076444101961386, 0.0076444101961386, 0.75400703814208, 0.10310206147668, 0.0076444101961386, 0.0076444101961386, 0.0076444101961386, 0.0076444101961386, 0.0076444101961386, 0.0076444101961386, 0.0076444101961386 ],
[ 0.19920873615733, 0.022453112889308, 0.022453112889308, 0.27933384042922, 0.12904577842487, 0.047672449286581, 0.022453112889308, 0.022453112889308, 0.022453112889308, 0.16511429258753, 0.022453112889308, 0.022453112889308, 0.022453112889308 ],
[ 0.00095697939054796, 0.00095697939054796, 0.00095697939054796, 0.0041879867997617, 0.00095697939054796, 0.085818469691538, 0.4965630323621, 0.00095697939054796, 0.00095697939054796, 0.00095697939054796, 0.00095697939054796, 0.40481769663167, 0.00095697939054796 ],
[ 0.044883876558626, 0.044883876558626, 0.25522572231667, 0.25105163553845, 0.044883876558626, 0.044883876558626, 0.044883876558626, 0.044883876558626, 0.044883876558626, 0.044883876558626, 0.044883876558626, 0.044883876558626, 0.044883876558626 ],
[ 0.035630268314207, 0.035630268314207, 0.035630268314207, 0.035630268314207, 0.14887931230063, 0.035630268314207, 0.035630268314207, 0.035630268314207, 0.15592717549165, 0.035630268314207, 0.035630268314207, 0.035630268314207, 0.33889082906565 ],
[ 0.0041300369693434, 0.0041300369693434, 0.0041300369693434, 0.0041300369693434, 0.0041300369693434, 0.0041300369693434, 0.927088318963, 0.0041300369693434, 0.0041300369693434, 0.0041300369693434, 0.027481274374224, 0.0041300369693434, 0.0041300369693434 ],
[ 0.015281211353565, 0.015281211353565, 0.015281211353565, 0.015281211353565, 0.015281211353565, 0.015281211353565, 0.78356914735718, 0.015281211353565, 0.015281211353565, 0.015281211353565, 0.015281211353565, 0.048337527753598, 0.015281211353565 ],
[ 0.076923076923077, 0.076923076923077, 0.076923076923077, 0.076923076923077, 0.076923076923077, 0.076923076923077, 0.076923076923077, 0.076923076923077, 0.076923076923077, 0.076923076923077, 0.076923076923077, 0.076923076923077, 0.076923076923077 ],
[ 0.0081193467530651, 0.0038241083049477, 0.0038241083049477, 0.0038241083049477, 0.0078011809420933, 0.0038241083049477, 0.18551748907289, 0.0038241083049477, 0.097720397845019, 0.017449331048182, 0.49296088206706, 0.0038241083049477, 0.16748672244201 ],
[ 0.017824004922798, 0.017824004922798, 0.017824004922798, 0.017824004922798, 0.017824004922798, 0.017824004922798, 0.017824004922798, 0.017824004922798, 0.44465953441285, 0.28791030364257, 0.017824004922798, 0.017824004922798, 0.08919011271659 ],
[ 0.0028108337644632, 0.0028108337644632, 0.72923312195858, 0.0028108337644632, 0.0028108337644632, 0.0028108337644632, 0.13020032761232, 0.0028108337644632, 0.0028108337644632, 0.012300928126735, 0.07573123511314, 0.0028108337644632, 0.030047717073515 ],
[ 0.010400135677558, 0.067052852960389, 0.010400135677558, 0.010400135677558, 0.037731323224726, 0.20129620880703, 0.084474209751632, 0.14458233946126, 0.10403521658836, 0.010400135677558, 0.010400135677558, 0.29842703514125, 0.010400135677558 ],
[ 0.015281211353566, 0.015281211353566, 0.067737431059891, 0.5566807725358, 0.015281211353566, 0.015281211353566, 0.22276968286865, 0.015281211353566, 0.015281211353566, 0.015281211353566, 0.015281211353566, 0.015281211353566, 0.015281211353566 ],
[ 0.43770391740619, 0.064297127478967, 0.0076444101961385, 0.0076444101961385, 0.0076444101961385, 0.0076444101961385, 0.31415284591386, 0.0076444101961385, 0.0076444101961385, 0.0076444101961385, 0.0076444101961385, 0.032863746593409, 0.089827081038468 ],
[ 0.00055838828284851, 0.00055838828284851, 0.57694410596759, 0.023055961780543, 0.334474516655, 0.00055838828284851, 0.00055838828284851, 0.00055838828284851, 0.00055838828284851, 0.00055838828284851, 0.00055838828284851, 0.060499921051228, 0.00055838828284851 ],
[ 0.024249361920453, 0.024249361920453, 0.024249361920453, 0.12134216369207, 0.15634304682621, 0.10612141560056, 0.098323435994527, 0.024249361920453, 0.024249361920453, 0.024249361920453, 0.024249361920453, 0.024249361920453, 0.32387504252301 ],
[ 0.0056188697011833, 0.0056188697011833, 0.14707245260584, 0.0056188697011833, 0.0056188697011833, 0.0056188697011833, 0.0056188697011833, 0.024155834820893, 0.0056188697011833, 0.29279791176287, 0.0056188697011833, 0.024589612243022, 0.46643323095791 ],
[ 0.061064018540013, 0.061064018540013, 0.061064018540013, 0.061064018540013, 0.061064018540013, 0.061064018540013, 0.13513809261409, 0.061064018540013, 0.061064018540013, 0.061064018540013, 0.061064018540013, 0.061064018540013, 0.19315770344577 ],
[ 0.041559144961691, 0.091972715112337, 0.041559144961691, 0.041559144961691, 0.041559144961691, 0.088238376582663, 0.28188849118277, 0.041559144961691, 0.041559144961691, 0.041559144961691, 0.041559144961691, 0.16386811246702, 0.041559144961691 ],
[ 0.096626941642231, 0.030547212203538, 0.030547212203538, 0.56735372411885, 0.030547212203538, 0.030547212203538, 0.030547212203538, 0.030547212203538, 0.030547212203538, 0.030547212203538, 0.030547212203538, 0.030547212203538, 0.030547212203538 ],
[ 0.037685857959419, 0.007078157589018, 0.030975829617881, 0.016351255243906, 0.053757389209989, 0.050449317323186, 0.20466607747459, 0.15108161011674, 0.047236638824361, 0.18436599446932, 0.007078157589018, 0.007078157589018, 0.20219555699356 ],
[ 0.0060683792772773, 0.034408842583203, 0.0060683792772773, 0.0060683792772773, 0.0060683792772773, 0.0060683792772773, 0.03912469567731, 0.0060683792772773, 0.18980510984213, 0.68204593840186, 0.0060683792772773, 0.0060683792772773, 0.0060683792772773 ],
[ 0.27467646777998, 0.0028108337644633, 0.0028108337644633, 0.0028108337644633, 0.0028108337644633, 0.12914189425862, 0.0028108337644633, 0.0028108337644633, 0.0028108337644633, 0.0028108337644633, 0.55693845872038, 0.013945675360851, 0.0028108337644633 ],
[ 0.0096297552569982, 0.29332063502299, 0.040237455627401, 0.044876494115865, 0.026793611849323, 0.0096297552569982, 0.0096297552569982, 0.0096297552569982, 0.0096297552569982, 0.089969429750833, 0.0096297552569982, 0.0096297552569982, 0.4373940868346 ],
[ 0.0052026571307254, 0.053773230932873, 0.0052026571307254, 0.0052026571307254, 0.0052026571307254, 0.016018798235386, 0.73009966285098, 0.15328439380424, 0.0052026571307254, 0.0052026571307254, 0.0052026571307254, 0.0052026571307254, 0.0052026571307254 ],
[ 0.0052026571307254, 0.0052026571307254, 0.0052026571307254, 0.14786383682894, 0.065989670244444, 0.0052026571307254, 0.0422581361775, 0.45399141212552, 0.073552696488011, 0.0052026571307254, 0.17992564822051, 0.0052026571307254, 0.0052026571307254 ],
[ 0.024249361920454, 0.024249361920454, 0.024249361920454, 0.024249361920454, 0.024249361920454, 0.024249361920454, 0.47577498834094, 0.083051750144168, 0.19867964231035, 0.024249361920454, 0.024249361920454, 0.024249361920454, 0.024249361920454 ],
[ 0.024249361920454, 0.024249361920454, 0.024249361920454, 0.024249361920454, 0.024249361920454, 0.024249361920454, 0.024249361920454, 0.11788444283126, 0.49306360853843, 0.024249361920454, 0.024249361920454, 0.14655832942578, 0.024249361920454 ],
[ 0.017824004922798, 0.017824004922798, 0.017824004922798, 0.12853678718584, 0.081330584204412, 0.017824004922798, 0.10772474730393, 0.017824004922798, 0.017824004922798, 0.08155046764359, 0.017824004922798, 0.12268423083615, 0.35340514836649 ],
[ 0.16586745147761, 0.032990989179821, 0.032990989179821, 0.032990989179821, 0.14437701434412, 0.032990989179821, 0.12289173156095, 0.21953132984828, 0.032990989179821, 0.032990989179821, 0.032990989179821, 0.083404559330474, 0.032990989179821 ],
[ 0.065949140023214, 0.065949140023214, 0.065949140023214, 0.20861031972143, 0.065949140023214, 0.065949140023214, 0.065949140023214, 0.065949140023214, 0.065949140023214, 0.065949140023214, 0.065949140023214, 0.065949140023214, 0.065949140023214 ],
[ 0.065949140023214, 0.065949140023214, 0.065949140023214, 0.065949140023214, 0.065949140023214, 0.20861031972143, 0.065949140023214, 0.065949140023214, 0.065949140023214, 0.065949140023214, 0.065949140023214, 0.065949140023214, 0.065949140023214 ],
[ 1.3180355567577e-05, 0.052481512362791, 5.9557261847767e-06, 0.013631178469418, 0.014721196288878, 0.023998976858367, 5.9557261847767e-06, 5.9557261847767e-06, 0.074260233653496, 0.51215175476399, 0.2799658416056, 0.01613635575268, 0.01262190271066 ],
[ 0.022453112889309, 0.31282453423213, 0.022453112889309, 0.022453112889309, 0.022453112889309, 0.29030969280019, 0.022453112889309, 0.049689996198361, 0.022453112889309, 0.022453112889309, 0.096527186963383, 0.022453112889309, 0.071023686691463 ],
[ 0.016503708261851, 0.016503708261851, 0.016503708261851, 0.016503708261851, 0.016503708261851, 0.016503708261851, 0.050814337008863, 0.17586815481395, 0.20383342386981, 0.016503708261851, 0.42095070995071, 0.016503708261851, 0.016503708261851 ],
[ 0.012598005559534, 0.00044326662193307, 0.00044326662193307, 0.55883074142201, 0.00044326662193307, 0.011259407726593, 0.00044326662193307, 0.00044326662193307, 0.00044326662193307, 0.00044326662193307, 0.41332244569447, 0.00044326662193307, 0.00044326662193307 ],
[ 0.30372590416711, 0.0082559630118288, 0.0082559630118288, 0.0082559630118288, 0.083246574463671, 0.0082559630118288, 0.0082559630118288, 0.0082559630118288, 0.15966452893158, 0.035492846320884, 0.0082559630118288, 0.1688232130088, 0.19125519202516 ],
[ 0.071089853875465, 0.002231330466379, 0.002231330466379, 0.55023618137855, 0.002231330466379, 0.29275701135101, 0.002231330466379, 0.002231330466379, 0.045815056868279, 0.002231330466379, 0.022251252795666, 0.002231330466379, 0.002231330466379 ],
[ 0.0060683792772775, 0.012379493725647, 0.0060683792772775, 0.10226477318032, 0.0060683792772775, 0.012884382881518, 0.0060683792772775, 0.0060683792772775, 0.37154571142716, 0.1272022668828, 0.0060683792772775, 0.33124471696161, 0.0060683792772775 ],
[ 0.1127056647315, 0.035630268314207, 0.035630268314207, 0.3429239146777, 0.035630268314207, 0.094432656537917, 0.035630268314207, 0.035630268314207, 0.035630268314207, 0.035630268314207, 0.035630268314207, 0.035630268314207, 0.12926534922502 ],
[ 0.0028108337644633, 0.0028108337644633, 0.0028108337644633, 0.0028108337644633, 0.029052003492171, 0.21377276119929, 0.0028108337644633, 0.72906689766391, 0.0028108337644633, 0.0028108337644633, 0.0028108337644633, 0.0028108337644633, 0.0028108337644633 ],
[ 0.017824004922798, 0.12703996329716, 0.14991768982856, 0.017824004922798, 0.017824004922798, 0.35914023819229, 0.017824004922798, 0.017824004922798, 0.04117524232768, 0.079008939588256, 0.017824004922798, 0.11894989230647, 0.017824004922798 ],
[ 0.05654075790742, 0.05654075790742, 0.05654075790742, 0.05654075790742, 0.05654075790742, 0.13061483198149, 0.05654075790742, 0.05654075790742, 0.24743683103689, 0.05654075790742, 0.05654075790742, 0.05654075790742, 0.05654075790742 ],
[ 0.052352553617981, 0.11585913289959, 0.052352553617981, 0.052352553617981, 0.052352553617981, 0.052352553617981, 0.052352553617981, 0.052352553617981, 0.052352553617981, 0.12642662769206, 0.1656015976044, 0.12093965924212, 0.052352553617981 ],
[ 0.052136955927552, 0.077429749704099, 0.0032785565028701, 0.0032785565028701, 0.0032785565028701, 0.037589185249883, 0.04744154122588, 0.0032785565028701, 0.17303268604618, 0.006961031166894, 0.17630345841208, 0.072602202123694, 0.34338896413226 ],
[ 0.0089164400527761, 0.11245657706956, 0.10255152096359, 0.039020624279603, 0.0089164400527761, 0.39386819693426, 0.0089164400527761, 0.0089164400527761, 0.0089164400527761, 0.021532387037252, 0.0089164400527761, 0.12686967509709, 0.15020237830199 ],
[ 0.0038241083049475, 0.0038241083049475, 0.0038241083049475, 0.1520209894231, 0.0038241083049475, 0.43583877907669, 0.27329497266947, 0.0038241083049475, 0.0038241083049475, 0.052562851530348, 0.0038241083049475, 0.01209641939021, 0.04741722977554 ],
[ 0.0019130062297488, 0.16888914502817, 0.72159296644597, 0.0019130062297488, 0.0019130062297488, 0.022744092801686, 0.0019130062297488, 0.0019130062297488, 0.0019130062297488, 0.0083718049909749, 0.0019130062297488, 0.063097940895206, 0.0019130062297488 ],
[ 0.076923076923077, 0.076923076923077, 0.076923076923077, 0.076923076923077, 0.076923076923077, 0.076923076923077, 0.076923076923077, 0.076923076923077, 0.076923076923077, 0.076923076923077, 0.076923076923077, 0.076923076923077, 0.076923076923077 ],
[ 0.052352553617981, 0.11585913289959, 0.052352553617981, 0.12642662769206, 0.052352553617981, 0.052352553617981, 0.052352553617981, 0.1656015976044, 0.052352553617981, 0.052352553617981, 0.052352553617981, 0.052352553617981, 0.12093965924212 ],
[ 0.13211804114347, 0.13008395329862, 0.61649082301487, 0.012130718254304, 0.012130718254304, 0.012130718254304, 0.012130718254304, 0.012130718254304, 0.012130718254304, 0.012130718254304, 0.012130718254304, 0.012130718254304, 0.012130718254304 ],
[ 0.048474586683316, 0.048474586683316, 0.15769054505769, 0.048474586683316, 0.16642782172763, 0.048474586683316, 0.19113576638153, 0.048474586683316, 0.048474586683316, 0.048474586683316, 0.048474586683316, 0.048474586683316, 0.048474586683316 ],
[ 0.04155914496169, 0.04155914496169, 0.04155914496169, 0.39456217041795, 0.04155914496169, 0.04155914496169, 0.04155914496169, 0.04155914496169, 0.14828723500346, 0.04155914496169, 0.04155914496169, 0.04155914496169, 0.04155914496169 ],
[ 0.015281211353565, 0.015281211353565, 0.015281211353565, 0.078787790635178, 0.015281211353565, 0.015281211353565, 0.015281211353565, 0.015281211353565, 0.015281211353565, 0.015281211353565, 0.015281211353565, 0.015281211353565, 0.75311888447561 ],
[ 0.00327855650287, 0.00327855650287, 0.00327855650287, 0.00327855650287, 0.00327855650287, 0.00327855650287, 0.00327855650287, 0.00327855650287, 0.00327855650287, 0.00327855650287, 0.91642439885192, 0.047511479616505, 0.00327855650287 ],
[ 0.019249925316622, 0.019249925316622, 0.019249925316622, 0.76900089620053, 0.019249925316622, 0.019249925316622, 0.019249925316622, 0.019249925316622, 0.019249925316622, 0.019249925316622, 0.019249925316622, 0.019249925316622, 0.019249925316622 ],
[ 0.00017602727431812, 0.038936187781746, 0.33621019623402, 0.063682606555931, 0.00017602727431812, 0.00017602727431812, 0.00017602727431812, 0.040195944644835, 0.024557533232111, 0.00017602727431812, 0.058978415498034, 0.43484176457153, 0.0017172151102054 ],
[ 0.012659138814942, 0.54787306056828, 0.0024098369036894, 0.056856492666389, 0.089108985895183, 0.17812733300194, 0.0024098369036894, 0.0024098369036894, 0.0024098369036894, 0.0024098369036894, 0.0024098369036894, 0.0024098369036894, 0.098506130727445 ],
[ 0.37474501119126, 0.024249361920453, 0.024249361920453, 0.17607789567528, 0.024249361920453, 0.10612141560055, 0.024249361920453, 0.024249361920453, 0.024249361920453, 0.024249361920453, 0.061304840967224, 0.087755941202066, 0.024249361920453 ],
[ 0.035630268314206, 0.035630268314206, 0.035630268314206, 0.035630268314206, 0.1127056647315, 0.035630268314206, 0.34382192627791, 0.035630268314206, 0.035630268314206, 0.035630268314206, 0.18716972584853, 0.035630268314206, 0.035630268314206 ],
[ 0.15793923581954, 0.035630268314206, 0.035630268314206, 0.035630268314206, 0.035630268314206, 0.1625864897421, 0.24909751722222, 0.035630268314206, 0.035630268314206, 0.10970434238828, 0.035630268314206, 0.035630268314206, 0.035630268314206 ],
[ 0.076923076923077, 0.076923076923077, 0.076923076923077, 0.076923076923077, 0.076923076923077, 0.076923076923077, 0.076923076923077, 0.076923076923077, 0.076923076923077, 0.076923076923077, 0.076923076923077, 0.076923076923077, 0.076923076923077 ],
[ 0.041559144961691, 0.041559144961691, 0.041559144961691, 0.041559144961691, 0.041559144961691, 0.23089955628088, 0.041559144961691, 0.041559144961691, 0.041559144961691, 0.15547929439395, 0.1003615331854, 0.041559144961691, 0.13922731148456 ],
[ 0.024249361920454, 0.024249361920454, 0.024249361920454, 0.070928593541425, 0.024249361920454, 0.18791197605752, 0.024249361920454, 0.49866581119652, 0.024249361920454, 0.024249361920454, 0.024249361920454, 0.024249361920454, 0.024249361920454 ],
[ 0.01414926977182, 0.61047218662265, 0.01414926977182, 0.01414926977182, 0.01414926977182, 0.01414926977182, 0.091224666189112, 0.01414926977182, 0.15681044947004, 0.01414926977182, 0.01414926977182, 0.01414926977182, 0.01414926977182 ],
[ 0.032990989179821, 0.032990989179821, 0.032990989179821, 0.032990989179821, 0.032990989179821, 0.032990989179821, 0.032990989179821, 0.032990989179821, 0.3735635010215, 0.032990989179821, 0.032990989179821, 0.032990989179821, 0.26353561800047 ],
[ 0.084296498623566, 0.094863993416026, 0.020789919341952, 0.020789919341952, 0.020789919341952, 0.24206768630632, 0.020789919341952, 0.11961222493619, 0.020789919341952, 0.089377024966095, 0.020789919341952, 0.020789919341952, 0.22425313635814 ],
[ 0.061064018540013, 0.26723177751984, 0.061064018540013, 0.061064018540013, 0.061064018540013, 0.061064018540013, 0.061064018540013, 0.061064018540013, 0.061064018540013, 0.061064018540013, 0.061064018540013, 0.061064018540013, 0.061064018540013 ],
[ 0.0065538496194605, 0.19576681236814, 0.45024090706818, 0.11863100270322, 0.046573766989979, 0.0065538496194605, 0.0065538496194605, 0.0065538496194605, 0.0065538496194605, 0.0065538496194605, 0.093135203154639, 0.04977536037962, 0.0065538496194605 ],
[ 0.0019130062297489, 0.0019130062297489, 0.0019130062297489, 0.6784027110936, 0.03252070660015, 0.0019130062297489, 0.2591303789041, 0.0019130062297489, 0.0019130062297489, 0.0019130062297489, 0.012729147334409, 0.0019130062297489, 0.0019130062297489 ],
[ 0.032990989179821, 0.032990989179821, 0.032990989179821, 0.032990989179821, 0.096497568461436, 0.032990989179821, 0.091793377403533, 0.032990989179821, 0.032990989179821, 0.032990989179821, 0.48179916233683, 0.032990989179821, 0.032990989179821 ],
[ 0.022453112889309, 0.022453112889309, 0.022453112889309, 0.12357900027298, 0.062473030259821, 0.022453112889309, 0.022453112889309, 0.085959692170919, 0.11608819380011, 0.022453112889309, 0.022453112889309, 0.43227518038169, 0.022453112889309 ],
[ 0.0096297552569982, 0.0096297552569982, 0.74064736810355, 0.0096297552569982, 0.0096297552569982, 0.0096297552569982, 0.12508486076354, 0.0096297552569982, 0.0096297552569982, 0.0096297552569982, 0.0096297552569982, 0.037970218562928, 0.0096297552569982 ],
[ 0.024249361920453, 0.024249361920453, 0.024249361920453, 0.083051750144167, 0.024249361920453, 0.024249361920453, 0.024249361920453, 0.024249361920453, 0.25132005599424, 0.024249361920453, 0.024249361920453, 0.076705581626778, 0.37067835495074 ],
[ 0.071225071225071, 0.071225071225071, 0.14529914529915, 0.071225071225071, 0.071225071225071, 0.071225071225071, 0.071225071225071, 0.071225071225071, 0.071225071225071, 0.071225071225071, 0.071225071225071, 0.071225071225071, 0.071225071225071 ],
[ 0.33618668948327, 0.0011162207611351, 0.32894407435219, 0.15984424295576, 0.0011162207611351, 0.0011162207611351, 0.13320990566689, 0.0011162207611351, 0.0011162207611351, 0.0011162207611351, 0.032885321452815, 0.0011162207611351, 0.0011162207611351 ],
[ 0.061064018540013, 0.061064018540013, 0.061064018540013, 0.19315770344577, 0.061064018540013, 0.061064018540013, 0.061064018540013, 0.061064018540013, 0.061064018540013, 0.061064018540013, 0.061064018540013, 0.13513809261409, 0.061064018540013 ],
[ 0.0028108337644632, 0.0028108337644632, 0.0028108337644632, 0.0028108337644632, 0.0028108337644632, 0.0028108337644632, 0.83219567543447, 0.0028108337644632, 0.0028108337644632, 0.0028108337644632, 0.13688515315643, 0.0028108337644632, 0.0028108337644632 ],
[ 0.012130718254304, 0.012130718254304, 0.85443138094835, 0.012130718254304, 0.012130718254304, 0.012130718254304, 0.012130718254304, 0.012130718254304, 0.012130718254304, 0.012130718254304, 0.012130718254304, 0.012130718254304, 0.012130718254304 ],
[ 0.041559144961691, 0.041559144961691, 0.041559144961691, 0.3586290807615, 0.18422032465991, 0.041559144961691, 0.041559144961691, 0.041559144961691, 0.041559144961691, 0.041559144961691, 0.041559144961691, 0.041559144961691, 0.041559144961691 ],
[ 0.1285562812212, 0.013101175714647, 0.067547831477349, 0.15576235541287, 0.097354016198797, 0.013101175714647, 0.063514745865297, 0.39555653982197, 0.013101175714647, 0.013101175714647, 0.013101175714647, 0.013101175714647, 0.013101175714647 ],
[ 0.015281211353565, 0.015281211353565, 0.015281211353565, 0.015281211353565, 0.047050312045245, 0.015281211353565, 0.015281211353565, 0.24398166258456, 0.015281211353565, 0.066874492873312, 0.015281211353565, 0.5045626303148, 0.015281211353565 ],
[ 0.49545081928176, 0.017824004922798, 0.078002408487424, 0.017824004922798, 0.017824004922798, 0.017824004922798, 0.098100994729732, 0.017824004922798, 0.017824004922798, 0.017824004922798, 0.1680297331959, 0.017824004922798, 0.017824004922798 ],
[ 0.028284455744017, 0.028284455744017, 0.028284455744017, 0.17162043915006, 0.1115258838747, 0.028284455744017, 0.20525626418924, 0.028284455744017, 0.028284455744017, 0.097109035482464, 0.028284455744017, 0.18821273135141, 0.028284455744017 ],
[ 0.041559144961691, 0.041559144961691, 0.041559144961691, 0.11563321903576, 0.041559144961691, 0.14641937087505, 0.041559144961691, 0.041559144961691, 0.13145988734282, 0.1003615331854, 0.041559144961691, 0.041559144961691, 0.17365282986744 ],
[ 0.048474586683315, 0.23501492735178, 0.12254866075739, 0.048474586683315, 0.048474586683315, 0.048474586683315, 0.048474586683315, 0.15769054505768, 0.048474586683315, 0.048474586683315, 0.048474586683315, 0.048474586683315, 0.048474586683315 ],
[ 0.18941722020521, 0.056540757907419, 0.12512786353156, 0.056540757907419, 0.056540757907419, 0.056540757907419, 0.056540757907419, 0.12004733718904, 0.056540757907419, 0.056540757907419, 0.056540757907419, 0.056540757907419, 0.056540757907419 ],
[ 0.065949140023214, 0.065949140023214, 0.065949140023214, 0.065949140023214, 0.065949140023214, 0.065949140023214, 0.065949140023214, 0.065949140023214, 0.20861031972143, 0.065949140023214, 0.065949140023214, 0.065949140023214, 0.065949140023214 ],
[ 0.011232146531763, 0.011232146531763, 0.011232146531763, 0.86521424161884, 0.011232146531763, 0.011232146531763, 0.011232146531763, 0.011232146531763, 0.011232146531763, 0.011232146531763, 0.011232146531763, 0.011232146531763, 0.011232146531763 ],
[ 0.056540757907419, 0.056540757907419, 0.056540757907419, 0.32151090511097, 0.056540757907419, 0.056540757907419, 0.056540757907419, 0.056540757907419, 0.056540757907419, 0.056540757907419, 0.056540757907419, 0.056540757907419, 0.056540757907419 ],
[ 0.012130718254304, 0.012130718254304, 0.012130718254304, 0.012130718254304, 0.85443138094836, 0.012130718254304, 0.012130718254304, 0.012130718254304, 0.012130718254304, 0.012130718254304, 0.012130718254304, 0.012130718254304, 0.012130718254304 ],
[ 0.071225071225071, 0.071225071225071, 0.14529914529915, 0.071225071225071, 0.071225071225071, 0.071225071225071, 0.071225071225071, 0.071225071225071, 0.071225071225071, 0.071225071225071, 0.071225071225071, 0.071225071225071, 0.071225071225071 ],
[ 0.0052026571307255, 0.0052026571307255, 0.086274738765895, 0.019917897693418, 0.0052026571307255, 0.0052026571307255, 0.16433633726919, 0.0496033970321, 0.025222579460014, 0.0052026571307255, 0.5732536963438, 0.0052026571307255, 0.050175410651239 ],
[ 0.041559144961691, 0.041559144961691, 0.18422032465991, 0.041559144961691, 0.041559144961691, 0.041559144961691, 0.041559144961691, 0.041559144961691, 0.041559144961691, 0.16386811246702, 0.14268503234536, 0.041559144961691, 0.1351942258725 ],
[ 0.011232146531762, 0.011232146531762, 0.38101439832408, 0.011232146531762, 0.011232146531762, 0.032853662647395, 0.011232146531762, 0.011232146531762, 0.011232146531762, 0.011232146531762, 0.23135870969023, 0.011232146531762, 0.25368391055244 ],
[ 0.060499939621103, 0.02618931087409, 0.02618931087409, 0.069410821634246, 0.02618931087409, 0.02618931087409, 0.02618931087409, 0.02618931087409, 0.43039306600525, 0.02618931087409, 0.02618931087409, 0.2039923748726, 0.02618931087409 ],
[ 0.022453112889309, 0.022453112889309, 0.022453112889309, 0.022453112889309, 0.022453112889309, 0.08595969217092, 0.022453112889309, 0.13570215687572, 0.065674623649469, 0.022453112889309, 0.099528509306602, 0.022453112889309, 0.43351011488281 ],
[ 0.010400135677558, 0.010400135677558, 0.80661126624516, 0.078987241301701, 0.010400135677558, 0.010400135677558, 0.010400135677558, 0.010400135677558, 0.010400135677558, 0.010400135677558, 0.010400135677558, 0.010400135677558, 0.010400135677558 ],
[ 0.0065538496194598, 0.0065538496194598, 0.0065538496194598, 0.10857255179871, 0.0065538496194598, 0.0065538496194598, 0.59933166253206, 0.14921502931768, 0.046712330854803, 0.043737628541073, 0.0065538496194598, 0.0065538496194598, 0.0065538496194598 ],
[ 0.065949140023214, 0.13453624564736, 0.065949140023214, 0.065949140023214, 0.065949140023214, 0.065949140023214, 0.065949140023214, 0.065949140023214, 0.065949140023214, 0.065949140023214, 0.065949140023214, 0.14002321409729, 0.065949140023214 ],
[ 0.076923076923077, 0.076923076923077, 0.076923076923077, 0.076923076923077, 0.076923076923077, 0.076923076923077, 0.076923076923077, 0.076923076923077, 0.076923076923077, 0.076923076923077, 0.076923076923077, 0.076923076923077, 0.076923076923077 ],
[ 0.04155914496169, 0.04155914496169, 0.04155914496169, 0.04155914496169, 0.04155914496169, 0.04155914496169, 0.084780655721852, 0.04155914496169, 0.04155914496169, 0.04155914496169, 0.26096091423864, 0.04155914496169, 0.23866698042261 ],
[ 0.035630268314207, 0.035630268314207, 0.035630268314207, 0.035630268314207, 0.035630268314207, 0.035630268314207, 0.035630268314207, 0.035630268314207, 0.035630268314207, 0.14049049422755, 0.46757655431617, 0.035630268314207, 0.035630268314207 ],
[ 0.061064018540013, 0.061064018540013, 0.061064018540013, 0.061064018540013, 0.061064018540013, 0.061064018540013, 0.12457059782163, 0.061064018540013, 0.061064018540013, 0.061064018540013, 0.061064018540013, 0.061064018540013, 0.20372519823823 ],
[ 0.0038241083049473, 0.43752614719624, 0.34724781029937, 0.0038241083049473, 0.0038241083049473, 0.079892157683295, 0.0038241083049473, 0.050503339925919, 0.0038241083049473, 0.054237678455596, 0.0038241083049473, 0.0038241083049473, 0.0038241083049473 ],
[ 0.038480689779343, 0.53823172264788, 0.038480689779343, 0.038480689779343, 0.038480689779343, 0.038480689779343, 0.038480689779343, 0.038480689779343, 0.038480689779343, 0.038480689779343, 0.038480689779343, 0.038480689779343, 0.038480689779343 ],
[ 0.044883876558626, 0.044883876558626, 0.044883876558626, 0.044883876558626, 0.044883876558626, 0.044883876558626, 0.29022660545079, 0.044883876558626, 0.044883876558626, 0.14197667833025, 0.044883876558626, 0.044883876558626, 0.1189579506327 ],
[ 0.00025864181643823, 0.3057831877588, 0.00025864181643823, 0.00025864181643823, 0.00025864181643823, 0.00025864181643823, 0.00025864181643823, 0.00025864181643823, 0.00025864181643823, 0.032027742508119, 0.64024782605478, 0.019613467330359, 0.00025864181643823 ],
[ 0.024249361920454, 0.024249361920454, 0.024249361920454, 0.12134216369207, 0.024249361920454, 0.25938667869551, 0.10811185165693, 0.024249361920454, 0.024249361920454, 0.024249361920454, 0.067470872680607, 0.12738457040593, 0.14655832942578 ],
[ 0.061064018540013, 0.061064018540013, 0.061064018540013, 0.061064018540013, 0.061064018540013, 0.26723177751984, 0.061064018540013, 0.061064018540013, 0.061064018540013, 0.061064018540013, 0.061064018540013, 0.061064018540013, 0.061064018540013 ],
[ 0.052352553617981, 0.052352553617981, 0.1656015976044, 0.052352553617981, 0.12642662769205, 0.18444623852374, 0.052352553617981, 0.052352553617981, 0.052352553617981, 0.052352553617981, 0.052352553617981, 0.052352553617981, 0.052352553617981 ],
[ 0.052352553617981, 0.052352553617981, 0.052352553617981, 0.052352553617981, 0.052352553617981, 0.052352553617981, 0.052352553617981, 0.37176935658422, 0.052352553617981, 0.052352553617981, 0.052352553617981, 0.052352553617981, 0.052352553617981 ],
[ 0.041559144961691, 0.10506572424331, 0.041559144961691, 0.041559144961691, 0.041559144961691, 0.041559144961691, 0.041559144961691, 0.18422032465991, 0.041559144961691, 0.041559144961691, 0.29512250147988, 0.041559144961691, 0.041559144961691 ],
[ 0.032990989179821, 0.60410812984215, 0.032990989179821, 0.032990989179821, 0.032990989179821, 0.032990989179821, 0.032990989179821, 0.032990989179821, 0.032990989179821, 0.032990989179821, 0.032990989179821, 0.032990989179821, 0.032990989179821 ],
[ 0.065949140023214, 0.065949140023214, 0.20861031972143, 0.065949140023214, 0.065949140023214, 0.065949140023214, 0.065949140023214, 0.065949140023214, 0.065949140023214, 0.065949140023214, 0.065949140023214, 0.065949140023214, 0.065949140023214 ],
[ 0.076923076923077, 0.076923076923077, 0.076923076923077, 0.076923076923077, 0.076923076923077, 0.076923076923077, 0.076923076923077, 0.076923076923077, 0.076923076923077, 0.076923076923077, 0.076923076923077, 0.076923076923077, 0.076923076923077 ],
[ 0.022453112889309, 0.022453112889309, 0.022453112889309, 0.10432516656941, 0.022453112889309, 0.20278734279161, 0.31919236078453, 0.022453112889309, 0.022453112889309, 0.022453112889309, 0.17161711385067, 0.022453112889309, 0.022453112889309 ],
[ 0.048474586683316, 0.048474586683316, 0.23579770474381, 0.048474586683316, 0.16747526245811, 0.11198116596493, 0.048474586683316, 0.048474586683316, 0.048474586683316, 0.048474586683316, 0.048474586683316, 0.048474586683316, 0.048474586683316 ],
[ 0.035630268314206, 0.035630268314206, 0.035630268314206, 0.035630268314206, 0.035630268314206, 0.035630268314206, 0.035630268314206, 0.14049049422756, 0.035630268314206, 0.035630268314206, 0.32491537461795, 0.17829144801243, 0.035630268314206 ],
[ 0.00044326662193301, 0.00044326662193301, 0.20401427643743, 0.027774454169102, 0.00044326662193301, 0.76377860317414, 0.00044326662193301, 0.00044326662193301, 0.00044326662193301, 0.00044326662193301, 0.00044326662193301, 0.00044326662193301, 0.00044326662193301 ],
[ 0.81590977732169, 0.0035408410230994, 0.0035408410230994, 0.0089516044390534, 0.0035408410230994, 0.13973020800826, 0.0035408410230994, 0.0035408410230994, 0.0035408410230994, 0.0035408410230994, 0.0035408410230994, 0.0035408410230994, 0.0035408410230994 ],
[ 0.0048172751210419, 0.0048172751210419, 0.0048172751210419, 0.30049854464822, 0.0048172751210419, 0.0048172751210419, 0.0048172751210419, 0.0048172751210419, 0.0048172751210419, 0.0048172751210419, 0.64651142902032, 0.0048172751210419, 0.0048172751210419 ],
[ 0.030547212203537, 0.030547212203537, 0.030547212203537, 0.23671497118337, 0.030547212203537, 0.030547212203537, 0.30238357691531, 0.030547212203537, 0.030547212203537, 0.030547212203537, 0.15542932986594, 0.030547212203537, 0.030547212203537 ],
[ 0.061064018540013, 0.19315770344577, 0.061064018540013, 0.13513809261409, 0.061064018540013, 0.061064018540013, 0.061064018540013, 0.061064018540013, 0.061064018540013, 0.061064018540013, 0.061064018540013, 0.061064018540013, 0.061064018540013 ],
[ 0.04155914496169, 0.04155914496169, 0.04155914496169, 0.17913979831738, 0.04155914496169, 0.04155914496169, 0.04155914496169, 0.31703037548305, 0.04155914496169, 0.088238376582665, 0.04155914496169, 0.04155914496169, 0.04155914496169 ],
[ 0.076923076923077, 0.076923076923077, 0.076923076923077, 0.076923076923077, 0.076923076923077, 0.076923076923077, 0.076923076923077, 0.076923076923077, 0.076923076923077, 0.076923076923077, 0.076923076923077, 0.076923076923077, 0.076923076923077 ],
[ 0.071225071225071, 0.071225071225071, 0.071225071225071, 0.071225071225071, 0.071225071225071, 0.071225071225071, 0.071225071225071, 0.071225071225071, 0.071225071225071, 0.14529914529915, 0.071225071225071, 0.071225071225071, 0.071225071225071 ],
[ 0.076923076923077, 0.076923076923077, 0.076923076923077, 0.076923076923077, 0.076923076923077, 0.076923076923077, 0.076923076923077, 0.076923076923077, 0.076923076923077, 0.076923076923077, 0.076923076923077, 0.076923076923077, 0.076923076923077 ],
[ 0.056540757907419, 0.056540757907419, 0.056540757907419, 0.056540757907419, 0.056540757907419, 0.056540757907419, 0.056540757907419, 0.12004733718904, 0.19920193760564, 0.056540757907419, 0.056540757907419, 0.11534314613114, 0.056540757907419 ],
[ 0.31831565331097, 0.015281211353566, 0.015281211353566, 0.015281211353566, 0.015281211353566, 0.015281211353566, 0.015281211353566, 0.39700506443026, 0.13186716872311, 0.015281211353566, 0.015281211353566, 0.015281211353566, 0.015281211353566 ],
[ 0.076923076923077, 0.076923076923077, 0.076923076923077, 0.076923076923077, 0.076923076923077, 0.076923076923077, 0.076923076923077, 0.076923076923077, 0.076923076923077, 0.076923076923077, 0.076923076923077, 0.076923076923077, 0.076923076923077 ],
[ 0.071225071225071, 0.14529914529915, 0.071225071225071, 0.071225071225071, 0.071225071225071, 0.071225071225071, 0.071225071225071, 0.071225071225071, 0.071225071225071, 0.071225071225071, 0.071225071225071, 0.071225071225071, 0.071225071225071 ],
[ 0.061064018540013, 0.061064018540013, 0.061064018540013, 0.061064018540013, 0.061064018540013, 0.061064018540013, 0.26723177751984, 0.061064018540013, 0.061064018540013, 0.061064018540013, 0.061064018540013, 0.061064018540013, 0.061064018540013 ],
[ 0.071225071225071, 0.071225071225071, 0.071225071225071, 0.14529914529915, 0.071225071225071, 0.071225071225071, 0.071225071225071, 0.071225071225071, 0.071225071225071, 0.071225071225071, 0.071225071225071, 0.071225071225071, 0.071225071225071 ],
[ 0.035630268314206, 0.035630268314206, 0.10421737393835, 0.15592717549166, 0.10970434238828, 0.035630268314206, 0.035630268314206, 0.035630268314206, 0.26279946173289, 0.035630268314206, 0.035630268314206, 0.082309499935174, 0.035630268314206 ],
[ 0.076923076923077, 0.076923076923077, 0.076923076923077, 0.076923076923077, 0.076923076923077, 0.076923076923077, 0.076923076923077, 0.076923076923077, 0.076923076923077, 0.076923076923077, 0.076923076923077, 0.076923076923077, 0.076923076923077 ],
[ 0.071225071225071, 0.071225071225071, 0.071225071225071, 0.071225071225071, 0.071225071225071, 0.071225071225071, 0.071225071225071, 0.071225071225071, 0.14529914529915, 0.071225071225071, 0.071225071225071, 0.071225071225071, 0.071225071225071 ],
[ 0.076923076923077, 0.076923076923077, 0.076923076923077, 0.076923076923077, 0.076923076923077, 0.076923076923077, 0.076923076923077, 0.076923076923077, 0.076923076923077, 0.076923076923077, 0.076923076923077, 0.076923076923077, 0.076923076923077 ],
[ 0.70229996412875, 0.013101175714648, 0.013101175714648, 0.013101175714648, 0.013101175714648, 0.013101175714648, 0.013101175714648, 0.15358710301012, 0.013101175714648, 0.013101175714648, 0.013101175714648, 0.013101175714648, 0.013101175714648 ],
[ 0.076923076923077, 0.076923076923077, 0.076923076923077, 0.076923076923077, 0.076923076923077, 0.076923076923077, 0.076923076923077, 0.076923076923077, 0.076923076923077, 0.076923076923077, 0.076923076923077, 0.076923076923077, 0.076923076923077 ],
]