[
[ 0.012130718254305, 0.012130718254305, 0.012130718254305, 0.012130718254305, 0.22182982306741, 0.12097521536328, 0.11699094416765, 0.012130718254305, 0.012130718254305, 0.012130718254305, 0.053087128544708, 0.39007114282253, 0.012130718254305 ],
[ 0.0052026571307256, 0.0052026571307256, 0.0052026571307256, 0.023803804130307, 0.0052026571307256, 0.0052026571307256, 0.56891490561883, 0.0052026571307256, 0.35525471894361, 0.0052026571307256, 0.0052026571307256, 0.0052026571307256, 0.0052026571307256 ],
[ 0.022453112889309, 0.022453112889309, 0.022453112889309, 0.022453112889309, 0.076899768652007, 0.022453112889309, 0.022453112889309, 0.022453112889309, 0.022453112889309, 0.51880048736085, 0.17976861509405, 0.022453112889309, 0.022453112889309 ],
[ 0.0052026571307255, 0.0052026571307255, 0.0052026571307255, 0.88091539714847, 0.0052026571307255, 0.0052026571307255, 0.0052026571307255, 0.0052026571307255, 0.061855374413554, 0.0052026571307255, 0.0052026571307255, 0.0052026571307255, 0.0052026571307255 ],
[ 0.0076444101961386, 0.066446798419855, 0.0076444101961386, 0.0076444101961386, 0.75400703814208, 0.10310206147668, 0.0076444101961386, 0.0076444101961386, 0.0076444101961386, 0.0076444101961386, 0.0076444101961386, 0.0076444101961386, 0.0076444101961386 ],
[ 0.23235706985392, 0.026189310874089, 0.026189310874089, 0.32581499147665, 0.15051899595477, 0.055605144847868, 0.026189310874089, 0.026189310874089, 0.026189310874089, 0.026189310874089, 0.026189310874089, 0.026189310874089, 0.026189310874089 ],
[ 0.0011162207611351, 0.0011162207611351, 0.0011162207611351, 0.004884867803242, 0.0011162207611351, 0.10009866304821, 0.49919112094715, 0.0011162207611351, 0.0011162207611351, 0.0011162207611351, 0.0011162207611351, 0.38577936135118, 0.0011162207611351 ],
[ 0.044883876558626, 0.044883876558626, 0.25522572231667, 0.25105163553845, 0.044883876558626, 0.044883876558626, 0.044883876558626, 0.044883876558626, 0.044883876558626, 0.044883876558626, 0.044883876558626, 0.044883876558626, 0.044883876558626 ],
[ 0.035630268314207, 0.035630268314207, 0.035630268314207, 0.035630268314207, 0.14887931230063, 0.035630268314207, 0.035630268314207, 0.035630268314207, 0.15592717549165, 0.035630268314207, 0.035630268314207, 0.035630268314207, 0.33889082906565 ],
[ 0.0056188697011835, 0.0056188697011835, 0.0056188697011835, 0.0056188697011835, 0.0056188697011835, 0.0056188697011835, 0.90080446289412, 0.0056188697011835, 0.0056188697011835, 0.0056188697011835, 0.037387970392863, 0.0056188697011835, 0.0056188697011835 ],
[ 0.015281211353565, 0.015281211353565, 0.015281211353565, 0.015281211353565, 0.015281211353565, 0.015281211353565, 0.78356914735718, 0.015281211353565, 0.015281211353565, 0.015281211353565, 0.015281211353565, 0.048337527753598, 0.015281211353565 ],
[ 0.076923076923077, 0.076923076923077, 0.076923076923077, 0.076923076923077, 0.076923076923077, 0.076923076923077, 0.076923076923077, 0.076923076923077, 0.076923076923077, 0.076923076923077, 0.076923076923077, 0.076923076923077, 0.076923076923077 ],
[ 0.010228038536997, 0.0048172751210423, 0.0048172751210423, 0.0048172751210423, 0.0098272412469261, 0.0048172751210423, 0.14038660719499, 0.0048172751210423, 0.12309955781014, 0.021981131713367, 0.45458873867045, 0.0048172751210423, 0.21098503410087 ],
[ 0.022453112889308, 0.022453112889308, 0.022453112889308, 0.022453112889308, 0.022453112889308, 0.022453112889308, 0.022453112889308, 0.022453112889308, 0.39374295141428, 0.2693720644222, 0.022453112889308, 0.022453112889308, 0.11235385527044 ],
[ 0.0044604399268907, 0.0044604399268907, 0.77247811053236, 0.0044604399268907, 0.0044604399268907, 0.0044604399268907, 0.0044604399268907, 0.0044604399268907, 0.0044604399268907, 0.019520026992696, 0.12017595244588, 0.0044604399268907, 0.047681950687048 ],
[ 0.010400135677558, 0.067052852960389, 0.010400135677558, 0.010400135677558, 0.037731323224726, 0.20129620880703, 0.084474209751632, 0.14458233946126, 0.10403521658836, 0.010400135677558, 0.010400135677558, 0.29842703514125, 0.010400135677558 ],
[ 0.022453112889309, 0.022453112889309, 0.099528509306602, 0.43501861210157, 0.022453112889309, 0.022453112889309, 0.24092174969873, 0.022453112889309, 0.022453112889309, 0.022453112889309, 0.022453112889309, 0.022453112889309, 0.022453112889309 ],
[ 0.43770391740619, 0.064297127478967, 0.0076444101961385, 0.0076444101961385, 0.0076444101961385, 0.0076444101961385, 0.31415284591386, 0.0076444101961385, 0.0076444101961385, 0.0076444101961385, 0.0076444101961385, 0.032863746593409, 0.089827081038468 ],
[ 0.00070340842056366, 0.00070340842056366, 0.56038341361665, 0.029043871726491, 0.3280295623245, 0.00070340842056366, 0.00070340842056366, 0.00070340842056366, 0.00070340842056366, 0.00070340842056366, 0.00070340842056366, 0.076212476547284, 0.00070340842056366 ],
[ 0.030547212203538, 0.030547212203538, 0.030547212203538, 0.15285617970887, 0.030547212203538, 0.13368242068901, 0.030547212203538, 0.030547212203538, 0.030547212203538, 0.030547212203538, 0.030547212203538, 0.030547212203538, 0.40798927756675 ],
[ 0.0082559630118296, 0.0082559630118296, 0.21609768393761, 0.0082559630118296, 0.0082559630118296, 0.0082559630118296, 0.0082559630118296, 0.035492846320882, 0.0082559630118296, 0.43021619258158, 0.0082559630118296, 0.036130207666297, 0.21601536539899 ],
[ 0.065949140023214, 0.065949140023214, 0.065949140023214, 0.065949140023214, 0.065949140023214, 0.065949140023214, 0.065949140023214, 0.065949140023214, 0.065949140023214, 0.065949140023214, 0.065949140023214, 0.065949140023214, 0.20861031972143 ],
[ 0.041559144961691, 0.091972715112337, 0.041559144961691, 0.041559144961691, 0.041559144961691, 0.088238376582663, 0.28188849118277, 0.041559144961691, 0.041559144961691, 0.041559144961691, 0.041559144961691, 0.16386811246702, 0.041559144961691 ],
[ 0.096626941642231, 0.030547212203538, 0.030547212203538, 0.56735372411885, 0.030547212203538, 0.030547212203538, 0.030547212203538, 0.030547212203538, 0.030547212203538, 0.030547212203538, 0.030547212203538, 0.030547212203538, 0.030547212203538 ],
[ 0.059802720333916, 0.011232146531764, 0.049154748652502, 0.025947387094457, 0.085306220605838, 0.080056726270219, 0.2240023831221, 0.23974752776329, 0.074958609252559, 0.032853662647392, 0.011232146531764, 0.011232146531764, 0.094473574662436 ],
[ 0.0082559630118287, 0.046812850460825, 0.0082559630118287, 0.0082559630118287, 0.0082559630118287, 0.0082559630118287, 0.053228716532341, 0.0082559630118287, 0.2582277564918, 0.56742700940857, 0.0082559630118287, 0.0082559630118287, 0.0082559630118287 ],
[ 0.27467646777998, 0.0028108337644633, 0.0028108337644633, 0.0028108337644633, 0.0028108337644633, 0.12914189425862, 0.0028108337644633, 0.0028108337644633, 0.0028108337644633, 0.0028108337644633, 0.55693845872038, 0.013945675360851, 0.0028108337644633 ],
[ 0.013101175714648, 0.20497052568898, 0.054742614159568, 0.061053974808138, 0.036452413119528, 0.013101175714648, 0.013101175714648, 0.013101175714648, 0.013101175714648, 0.1224024159135, 0.013101175714648, 0.013101175714648, 0.42866982630774 ],
[ 0.0076444101961386, 0.079010517989921, 0.0076444101961386, 0.0076444101961386, 0.0076444101961386, 0.023536870003847, 0.68342785668916, 0.14522506355183, 0.0076444101961386, 0.0076444101961386, 0.0076444101961386, 0.0076444101961386, 0.0076444101961386 ],
[ 0.0076444101961387, 0.0076444101961387, 0.0076444101961387, 0.0076444101961387, 0.096960475268935, 0.0076444101961387, 0.062091065958839, 0.4073503284621, 0.10807304207418, 0.0076444101961387, 0.26436980666683, 0.0076444101961387, 0.0076444101961387 ],
[ 0.028284455744017, 0.028284455744017, 0.028284455744017, 0.028284455744017, 0.028284455744017, 0.028284455744017, 0.55494394640088, 0.096871561368158, 0.065339934790792, 0.028284455744017, 0.028284455744017, 0.028284455744017, 0.028284455744017 ],
[ 0.032990989179821, 0.032990989179821, 0.032990989179821, 0.032990989179821, 0.032990989179821, 0.032990989179821, 0.032990989179821, 0.16038048302768, 0.47671863599429, 0.032990989179821, 0.032990989179821, 0.032990989179821, 0.032990989179821 ],
[ 0.022453112889308, 0.022453112889308, 0.022453112889308, 0.16191933325945, 0.022453112889308, 0.022453112889308, 0.13570215687572, 0.022453112889308, 0.022453112889308, 0.10273010269624, 0.022453112889308, 0.15454679779506, 0.26547670625905 ],
[ 0.048474586683316, 0.048474586683316, 0.048474586683316, 0.048474586683316, 0.21213720082038, 0.048474586683316, 0.18056827158907, 0.048474586683316, 0.048474586683316, 0.048474586683316, 0.048474586683316, 0.12254866075739, 0.048474586683316 ],
[ 0.065949140023214, 0.065949140023214, 0.065949140023214, 0.20861031972143, 0.065949140023214, 0.065949140023214, 0.065949140023214, 0.065949140023214, 0.065949140023214, 0.065949140023214, 0.065949140023214, 0.065949140023214, 0.065949140023214 ],
[ 0.065949140023214, 0.065949140023214, 0.065949140023214, 0.065949140023214, 0.065949140023214, 0.20861031972143, 0.065949140023214, 0.065949140023214, 0.065949140023214, 0.065949140023214, 0.065949140023214, 0.065949140023214, 0.065949140023214 ],
[ 3.5845607720867e-05, 0.049417966206841, 1.6197334238657e-05, 0.037071676381013, 0.040036114704756, 0.065268186867685, 1.6197334238657e-05, 1.6197334238657e-05, 0.00050628400904768, 0.65803663106723, 0.071367061112916, 0.043884815958821, 0.034326826081253 ],
[ 0.022453112889309, 0.31282453423213, 0.022453112889309, 0.022453112889309, 0.022453112889309, 0.29030969280019, 0.022453112889309, 0.049689996198361, 0.022453112889309, 0.022453112889309, 0.096527186963383, 0.022453112889309, 0.071023686691463 ],
[ 0.022453112889309, 0.022453112889309, 0.022453112889309, 0.022453112889309, 0.022453112889309, 0.022453112889309, 0.069132344510279, 0.072866683039956, 0.27731312285388, 0.022453112889309, 0.3786098335921, 0.022453112889309, 0.022453112889309 ],
[ 0.015869858779411, 0.00055838828284855, 0.00055838828284855, 0.5375657909382, 0.00055838828284855, 0.014183611026082, 0.00055838828284855, 0.00055838828284855, 0.00055838828284855, 0.00055838828284855, 0.42735524471067, 0.00055838828284855, 0.00055838828284855 ],
[ 0.35426589462052, 0.0096297552569972, 0.0096297552569972, 0.0096297552569972, 0.097098804454426, 0.0096297552569972, 0.0096297552569972, 0.0096297552569972, 0.10623270654579, 0.041398855948679, 0.0096297552569972, 0.11051539565346, 0.22308005597815 ],
[ 0.071089853875465, 0.002231330466379, 0.002231330466379, 0.55023618137855, 0.002231330466379, 0.29275701135101, 0.002231330466379, 0.002231330466379, 0.045815056868279, 0.002231330466379, 0.022251252795666, 0.002231330466379, 0.002231330466379 ],
[ 0.0060683792772775, 0.012379493725647, 0.0060683792772775, 0.10226477318032, 0.0060683792772775, 0.012884382881518, 0.0060683792772775, 0.0060683792772775, 0.37154571142716, 0.1272022668828, 0.0060683792772775, 0.33124471696161, 0.0060683792772775 ],
[ 0.13145988734282, 0.041559144961691, 0.041559144961691, 0.23358645408008, 0.041559144961691, 0.11014625058583, 0.041559144961691, 0.041559144961691, 0.041559144961691, 0.041559144961691, 0.041559144961691, 0.041559144961691, 0.15077510333606 ],
[ 0.0056188697011837, 0.0056188697011837, 0.0056188697011837, 0.0056188697011837, 0.058075089407506, 0.048840380461342, 0.0056188697011837, 0.83689583311931, 0.0056188697011837, 0.0056188697011837, 0.0056188697011837, 0.0056188697011837, 0.0056188697011837 ],
[ 0.019249925316622, 0.13720316036093, 0.16191110501484, 0.019249925316622, 0.019249925316622, 0.30787145724767, 0.019249925316622, 0.019249925316622, 0.044469261713894, 0.085329654755316, 0.019249925316622, 0.12846588369099, 0.019249925316622 ],
[ 0.061064018540013, 0.061064018540013, 0.061064018540013, 0.061064018540013, 0.061064018540013, 0.061064018540013, 0.061064018540013, 0.061064018540013, 0.26723177751984, 0.061064018540013, 0.061064018540013, 0.061064018540013, 0.061064018540013 ],
[ 0.056540757907419, 0.12512786353156, 0.056540757907419, 0.056540757907419, 0.056540757907419, 0.056540757907419, 0.056540757907419, 0.056540757907419, 0.056540757907419, 0.056540757907419, 0.17884972541275, 0.13061483198149, 0.056540757907419 ],
[ 0.070931752947442, 0.10534231964799, 0.004460439926891, 0.004460439926891, 0.004460439926891, 0.051139671547862, 0.064543693083196, 0.004460439926891, 0.23540905908497, 0.0094704060527753, 0.23985890877945, 0.098774494460975, 0.10668793468778 ],
[ 0.01414926977182, 0.085142454597853, 0.082736375395963, 0.061920826734548, 0.01414926977182, 0.39863396539524, 0.01414926977182, 0.01414926977182, 0.01414926977182, 0.034169192101108, 0.01414926977182, 0.01414926977182, 0.23835229737255 ],
[ 0.0044604399268908, 0.0044604399268908, 0.0044604399268908, 0.17731728206311, 0.0044604399268908, 0.34196235191506, 0.31877125612167, 0.0044604399268908, 0.0044604399268908, 0.061309310024998, 0.0044604399268908, 0.014109263576741, 0.05530745681019 ],
[ 0.0038241083049475, 0.077898182379022, 0.70317505170708, 0.0038241083049475, 0.0038241083049475, 0.045465546749865, 0.0038241083049475, 0.0038241083049475, 0.0038241083049475, 0.016735276914176, 0.0038241083049475, 0.12613307581028, 0.0038241083049475 ],
[ 0.076923076923077, 0.076923076923077, 0.076923076923077, 0.076923076923077, 0.076923076923077, 0.076923076923077, 0.076923076923077, 0.076923076923077, 0.076923076923077, 0.076923076923077, 0.076923076923077, 0.076923076923077, 0.076923076923077 ],
[ 0.056540757907419, 0.12512786353156, 0.056540757907419, 0.056540757907419, 0.056540757907419, 0.056540757907419, 0.056540757907419, 0.17884972541275, 0.056540757907419, 0.056540757907419, 0.056540757907419, 0.056540757907419, 0.13061483198149 ],
[ 0.16643068184493, 0.083868316977708, 0.5968888876417, 0.015281211353566, 0.015281211353566, 0.015281211353566, 0.015281211353566, 0.015281211353566, 0.015281211353566, 0.015281211353566, 0.015281211353566, 0.015281211353566, 0.015281211353566 ],
[ 0.052352553617981, 0.052352553617981, 0.1703057886623, 0.052352553617981, 0.17974204746584, 0.052352553617981, 0.12642662769205, 0.052352553617981, 0.052352553617981, 0.052352553617981, 0.052352553617981, 0.052352553617981, 0.052352553617981 ],
[ 0.04155914496169, 0.04155914496169, 0.04155914496169, 0.39456217041795, 0.04155914496169, 0.04155914496169, 0.04155914496169, 0.04155914496169, 0.14828723500346, 0.04155914496169, 0.04155914496169, 0.04155914496169, 0.04155914496169 ],
[ 0.019249925316622, 0.019249925316622, 0.019249925316622, 0.019249925316622, 0.019249925316622, 0.019249925316622, 0.019249925316622, 0.019249925316622, 0.019249925316622, 0.019249925316622, 0.019249925316622, 0.019249925316622, 0.76900089620053 ],
[ 0.0060683792772783, 0.0060683792772783, 0.0060683792772783, 0.0060683792772783, 0.0060683792772783, 0.0060683792772783, 0.0060683792772783, 0.0060683792772783, 0.0060683792772783, 0.0060683792772783, 0.84530739499256, 0.087940432957382, 0.0060683792772783 ],
[ 0.019249925316622, 0.019249925316622, 0.019249925316622, 0.76900089620053, 0.019249925316622, 0.019249925316622, 0.019249925316622, 0.019249925316622, 0.019249925316622, 0.019249925316622, 0.019249925316622, 0.019249925316622, 0.019249925316622 ],
[ 0.00019010945626357, 0.042051082804286, 0.36310701193274, 0.068777215080406, 0.00019010945626357, 0.00019010945626357, 0.00019010945626357, 0.043411620216422, 0.02652213589068, 0.00019010945626357, 0.063696688737877, 0.38962910573725, 0.0018545923190218 ],
[ 0.014765619513748, 0.63903913784684, 0.0028108337644633, 0.066317413046076, 0.10393672114814, 0.04136772121346, 0.0028108337644633, 0.0028108337644633, 0.0028108337644633, 0.0028108337644633, 0.0028108337644633, 0.0028108337644633, 0.11489755088049 ],
[ 0.37474501119126, 0.024249361920453, 0.024249361920453, 0.17607789567528, 0.024249361920453, 0.10612141560055, 0.024249361920453, 0.024249361920453, 0.024249361920453, 0.024249361920453, 0.061304840967224, 0.087755941202066, 0.024249361920453 ],
[ 0.048474586683316, 0.048474586683316, 0.048474586683316, 0.048474586683316, 0.15333481259667, 0.048474586683316, 0.10727697490703, 0.048474586683316, 0.048474586683316, 0.048474586683316, 0.25464234566315, 0.048474586683316, 0.048474586683316 ],
[ 0.1705743746851, 0.038480689779343, 0.038480689779343, 0.038480689779343, 0.038480689779343, 0.17559340892147, 0.2690253186, 0.038480689779343, 0.038480689779343, 0.038480689779343, 0.038480689779343, 0.038480689779343, 0.038480689779343 ],
[ 0.076923076923077, 0.076923076923077, 0.076923076923077, 0.076923076923077, 0.076923076923077, 0.076923076923077, 0.076923076923077, 0.076923076923077, 0.076923076923077, 0.076923076923077, 0.076923076923077, 0.076923076923077, 0.076923076923077 ],
[ 0.052352553617981, 0.052352553617981, 0.052352553617981, 0.052352553617981, 0.052352553617981, 0.1111549418417, 0.052352553617981, 0.052352553617981, 0.052352553617981, 0.11585913289959, 0.12642662769205, 0.052352553617981, 0.17538631500482 ],
[ 0.028284455744017, 0.028284455744017, 0.028284455744017, 0.082731111506718, 0.028284455744017, 0.21918052887349, 0.028284455744017, 0.41524380217962, 0.028284455744017, 0.028284455744017, 0.028284455744017, 0.028284455744017, 0.028284455744017 ],
[ 0.016503708261851, 0.71205475847666, 0.016503708261851, 0.016503708261851, 0.016503708261851, 0.016503708261851, 0.10640445064298, 0.016503708261851, 0.016503708261851, 0.016503708261851, 0.016503708261851, 0.016503708261851, 0.016503708261851 ],
[ 0.032990989179821, 0.032990989179821, 0.032990989179821, 0.032990989179821, 0.032990989179821, 0.032990989179821, 0.032990989179821, 0.032990989179821, 0.3735635010215, 0.032990989179821, 0.032990989179821, 0.032990989179821, 0.26353561800047 ],
[ 0.091040218513451, 0.022453112889308, 0.022453112889308, 0.022453112889308, 0.022453112889308, 0.26143310121083, 0.022453112889308, 0.12918120293108, 0.022453112889308, 0.096527186963382, 0.022453112889308, 0.022453112889308, 0.24219338726679 ],
[ 0.061064018540013, 0.26723177751984, 0.061064018540013, 0.061064018540013, 0.061064018540013, 0.061064018540013, 0.061064018540013, 0.061064018540013, 0.061064018540013, 0.061064018540013, 0.061064018540013, 0.061064018540013, 0.061064018540013 ],
[ 0.0089164400527761, 0.26633858696124, 0.33845882340664, 0.074996169491467, 0.063363095815477, 0.0089164400527761, 0.0089164400527761, 0.0089164400527761, 0.0089164400527761, 0.0089164400527761, 0.12670941567925, 0.067718828276493, 0.0089164400527761 ],
[ 0.0020660467281288, 0.0020660467281288, 0.0020660467281288, 0.65267492798108, 0.035122363128162, 0.0020660467281288, 0.27986080921643, 0.0020660467281288, 0.0020660467281288, 0.0020660467281288, 0.013747479121162, 0.0020660467281288, 0.0020660467281288 ],
[ 0.044883876558626, 0.044883876558626, 0.044883876558626, 0.044883876558626, 0.044883876558626, 0.044883876558626, 0.044883876558626, 0.044883876558626, 0.044883876558626, 0.044883876558626, 0.46139348129649, 0.044883876558626, 0.044883876558626 ],
[ 0.028284455744017, 0.028284455744017, 0.028284455744017, 0.15567394959187, 0.07869802589466, 0.028284455744017, 0.028284455744017, 0.028284455744017, 0.14623769078833, 0.028284455744017, 0.028284455744017, 0.36483023202899, 0.028284455744017 ],
[ 0.012130718254304, 0.012130718254304, 0.67329037736846, 0.012130718254304, 0.012130718254304, 0.012130718254304, 0.15757090012216, 0.012130718254304, 0.012130718254304, 0.012130718254304, 0.012130718254304, 0.047831539966343, 0.012130718254304 ],
[ 0.028284455744016, 0.028284455744016, 0.028284455744016, 0.096871561368158, 0.028284455744016, 0.028284455744016, 0.028284455744016, 0.028284455744016, 0.29313971331168, 0.028284455744016, 0.028284455744016, 0.089469390409475, 0.26595923321455 ],
[ 0.076923076923077, 0.076923076923077, 0.076923076923077, 0.076923076923077, 0.076923076923077, 0.076923076923077, 0.076923076923077, 0.076923076923077, 0.076923076923077, 0.076923076923077, 0.076923076923077, 0.076923076923077, 0.076923076923077 ],
[ 0.30572815461328, 0.001301959895788, 0.38368036832439, 0.1864423249836, 0.001301959895788, 0.001301959895788, 0.075376033969862, 0.001301959895788, 0.001301959895788, 0.001301959895788, 0.038357438942563, 0.001301959895788, 0.001301959895788 ],
[ 0.065949140023214, 0.065949140023214, 0.065949140023214, 0.20861031972143, 0.065949140023214, 0.065949140023214, 0.065949140023214, 0.065949140023214, 0.065949140023214, 0.065949140023214, 0.065949140023214, 0.065949140023214, 0.065949140023214 ],
[ 0.0044604399268908, 0.0044604399268908, 0.0044604399268908, 0.0044604399268908, 0.0044604399268908, 0.0044604399268908, 0.73371562606799, 0.0044604399268908, 0.0044604399268908, 0.0044604399268908, 0.21721953473621, 0.0044604399268908, 0.0044604399268908 ],
[ 0.012130718254304, 0.012130718254304, 0.85443138094835, 0.012130718254304, 0.012130718254304, 0.012130718254304, 0.012130718254304, 0.012130718254304, 0.012130718254304, 0.012130718254304, 0.012130718254304, 0.012130718254304, 0.012130718254304 ],
[ 0.048474586683316, 0.048474586683316, 0.048474586683316, 0.41830495980021, 0.048474586683316, 0.048474586683316, 0.048474586683316, 0.048474586683316, 0.048474586683316, 0.048474586683316, 0.048474586683316, 0.048474586683316, 0.048474586683316 ],
[ 0.16194389012971, 0.01650370826185, 0.085090813885993, 0.01650370826185, 0.12263802245382, 0.01650370826185, 0.080010287543463, 0.4182873198922, 0.01650370826185, 0.01650370826185, 0.01650370826185, 0.01650370826185, 0.01650370826185 ],
[ 0.017824004922798, 0.017824004922798, 0.017824004922798, 0.017824004922798, 0.054879483969574, 0.017824004922798, 0.017824004922798, 0.11818021123862, 0.017824004922798, 0.078002408487431, 0.017824004922798, 0.58852185199919, 0.017824004922798 ],
[ 0.41149383561024, 0.020789919341952, 0.090982009259731, 0.020789919341952, 0.020789919341952, 0.020789919341952, 0.11442500025276, 0.020789919341952, 0.020789919341952, 0.020789919341952, 0.1959898807997, 0.020789919341952, 0.020789919341952 ],
[ 0.04155914496169, 0.04155914496169, 0.04155914496169, 0.15885472979593, 0.16386811246702, 0.04155914496169, 0.091972715112335, 0.04155914496169, 0.04155914496169, 0.14268503234536, 0.04155914496169, 0.11014625058583, 0.04155914496169 ],
[ 0.052352553617981, 0.052352553617981, 0.052352553617981, 0.052352553617981, 0.052352553617981, 0.18444623852374, 0.052352553617981, 0.052352553617981, 0.1656015976044, 0.12642662769205, 0.052352553617981, 0.052352553617981, 0.052352553617981 ],
[ 0.048474586683315, 0.23501492735178, 0.12254866075739, 0.048474586683315, 0.048474586683315, 0.048474586683315, 0.048474586683315, 0.15769054505768, 0.048474586683315, 0.048474586683315, 0.048474586683315, 0.048474586683315, 0.048474586683315 ],
[ 0.13453624564736, 0.065949140023214, 0.065949140023214, 0.065949140023214, 0.065949140023214, 0.065949140023214, 0.065949140023214, 0.14002321409729, 0.065949140023214, 0.065949140023214, 0.065949140023214, 0.065949140023214, 0.065949140023214 ],
[ 0.065949140023214, 0.065949140023214, 0.065949140023214, 0.065949140023214, 0.065949140023214, 0.065949140023214, 0.065949140023214, 0.065949140023214, 0.20861031972143, 0.065949140023214, 0.065949140023214, 0.065949140023214, 0.065949140023214 ],
[ 0.012130718254304, 0.012130718254304, 0.012130718254304, 0.85443138094835, 0.012130718254304, 0.012130718254304, 0.012130718254304, 0.012130718254304, 0.012130718254304, 0.012130718254304, 0.012130718254304, 0.012130718254304, 0.012130718254304 ],
[ 0.056540757907419, 0.056540757907419, 0.056540757907419, 0.32151090511097, 0.056540757907419, 0.056540757907419, 0.056540757907419, 0.056540757907419, 0.056540757907419, 0.056540757907419, 0.056540757907419, 0.056540757907419, 0.056540757907419 ],
[ 0.013101175714648, 0.013101175714648, 0.013101175714648, 0.013101175714648, 0.84278589142422, 0.013101175714648, 0.013101175714648, 0.013101175714648, 0.013101175714648, 0.013101175714648, 0.013101175714648, 0.013101175714648, 0.013101175714648 ],
[ 0.071225071225071, 0.071225071225071, 0.14529914529915, 0.071225071225071, 0.071225071225071, 0.071225071225071, 0.071225071225071, 0.071225071225071, 0.071225071225071, 0.071225071225071, 0.071225071225071, 0.071225071225071, 0.071225071225071 ],
[ 0.010400135677558, 0.010400135677558, 0.045513656159724, 0.039815969651333, 0.010400135677558, 0.010400135677558, 0.10212373565849, 0.099157420187268, 0.050420053048075, 0.010400135677558, 0.50026747317106, 0.010400135677558, 0.10030087805869 ],
[ 0.048474586683316, 0.048474586683316, 0.048474586683316, 0.048474586683316, 0.048474586683316, 0.048474586683316, 0.048474586683316, 0.048474586683316, 0.048474586683316, 0.19113576638153, 0.16642782172763, 0.048474586683316, 0.15769054505768 ],
[ 0.022453112889308, 0.022453112889308, 0.44717512842071, 0.022453112889308, 0.022453112889308, 0.065674623649468, 0.022453112889308, 0.022453112889308, 0.022453112889308, 0.022453112889308, 0.022453112889308, 0.022453112889308, 0.26261911903674 ],
[ 0.060499939621103, 0.02618931087409, 0.02618931087409, 0.069410821634246, 0.02618931087409, 0.02618931087409, 0.02618931087409, 0.02618931087409, 0.43039306600525, 0.02618931087409, 0.02618931087409, 0.2039923748726, 0.02618931087409 ],
[ 0.02618931087409, 0.02618931087409, 0.02618931087409, 0.02618931087409, 0.02618931087409, 0.10026338494816, 0.02618931087409, 0.15828299577984, 0.07660288102474, 0.02618931087409, 0.11609005325522, 0.02618931087409, 0.33924619799931 ],
[ 0.011232146531763, 0.011232146531763, 0.79114016754477, 0.085306220605837, 0.011232146531763, 0.011232146531763, 0.011232146531763, 0.011232146531763, 0.011232146531763, 0.011232146531763, 0.011232146531763, 0.011232146531763, 0.011232146531763 ],
[ 0.0076444101961379, 0.0076444101961379, 0.0076444101961379, 0.12663902441802, 0.0076444101961379, 0.0076444101961379, 0.69906045117739, 0.0076444101961379, 0.054485262709042, 0.051015569930308, 0.0076444101961379, 0.0076444101961379, 0.0076444101961379 ],
[ 0.065949140023214, 0.13453624564736, 0.065949140023214, 0.065949140023214, 0.065949140023214, 0.065949140023214, 0.065949140023214, 0.065949140023214, 0.065949140023214, 0.065949140023214, 0.065949140023214, 0.14002321409729, 0.065949140023214 ],
[ 0.076923076923077, 0.076923076923077, 0.076923076923077, 0.076923076923077, 0.076923076923077, 0.076923076923077, 0.076923076923077, 0.076923076923077, 0.076923076923077, 0.076923076923077, 0.076923076923077, 0.076923076923077, 0.076923076923077 ],
[ 0.056540757907419, 0.056540757907419, 0.056540757907419, 0.056540757907419, 0.056540757907419, 0.056540757907419, 0.11534314613114, 0.056540757907419, 0.056540757907419, 0.056540757907419, 0.18863444281318, 0.056540757907419, 0.13061483198149 ],
[ 0.035630268314207, 0.035630268314207, 0.035630268314207, 0.035630268314207, 0.035630268314207, 0.035630268314207, 0.035630268314207, 0.035630268314207, 0.035630268314207, 0.14049049422755, 0.46757655431617, 0.035630268314207, 0.035630268314207 ],
[ 0.061064018540013, 0.061064018540013, 0.061064018540013, 0.061064018540013, 0.061064018540013, 0.061064018540013, 0.12457059782163, 0.061064018540013, 0.061064018540013, 0.061064018540013, 0.061064018540013, 0.061064018540013, 0.20372519823823 ],
[ 0.0052026571307251, 0.23476053297182, 0.47242681229647, 0.0052026571307251, 0.0052026571307251, 0.1086923985187, 0.0052026571307251, 0.068709236412339, 0.0052026571307251, 0.073789762754867, 0.0052026571307251, 0.0052026571307251, 0.0052026571307251 ],
[ 0.04155914496169, 0.50129026045971, 0.04155914496169, 0.04155914496169, 0.04155914496169, 0.04155914496169, 0.04155914496169, 0.04155914496169, 0.04155914496169, 0.04155914496169, 0.04155914496169, 0.04155914496169, 0.04155914496169 ],
[ 0.065949140023214, 0.065949140023214, 0.065949140023214, 0.065949140023214, 0.065949140023214, 0.065949140023214, 0.065949140023214, 0.065949140023214, 0.065949140023214, 0.20861031972143, 0.065949140023214, 0.065949140023214, 0.065949140023214 ],
[ 0.00051702618782271, 0.21156464427658, 0.00051702618782271, 0.00051702618782271, 0.00051702618782271, 0.00051702618782271, 0.00051702618782271, 0.00051702618782271, 0.00051702618782271, 0.064023605469436, 0.68055110261662, 0.039207411946951, 0.00051702618782271 ],
[ 0.035630268314207, 0.035630268314207, 0.035630268314207, 0.17829144801243, 0.035630268314207, 0.17150805295521, 0.078851779074363, 0.035630268314207, 0.035630268314207, 0.035630268314207, 0.099136847595814, 0.18716972584853, 0.035630268314207 ],
[ 0.061064018540013, 0.061064018540013, 0.061064018540013, 0.061064018540013, 0.061064018540013, 0.26723177751984, 0.061064018540013, 0.061064018540013, 0.061064018540013, 0.061064018540013, 0.061064018540013, 0.061064018540013, 0.061064018540013 ],
[ 0.056540757907419, 0.056540757907419, 0.17884972541275, 0.056540757907419, 0.056540757907419, 0.19920193760564, 0.056540757907419, 0.056540757907419, 0.056540757907419, 0.056540757907419, 0.056540757907419, 0.056540757907419, 0.056540757907419 ],
[ 0.061064018540013, 0.061064018540013, 0.061064018540013, 0.061064018540013, 0.061064018540013, 0.061064018540013, 0.061064018540013, 0.26723177751984, 0.061064018540013, 0.061064018540013, 0.061064018540013, 0.061064018540013, 0.061064018540013 ],
[ 0.041559144961691, 0.10506572424331, 0.041559144961691, 0.041559144961691, 0.041559144961691, 0.041559144961691, 0.041559144961691, 0.18422032465991, 0.041559144961691, 0.041559144961691, 0.29512250147988, 0.041559144961691, 0.041559144961691 ],
[ 0.035630268314207, 0.57243678022952, 0.035630268314207, 0.035630268314207, 0.035630268314207, 0.035630268314207, 0.035630268314207, 0.035630268314207, 0.035630268314207, 0.035630268314207, 0.035630268314207, 0.035630268314207, 0.035630268314207 ],
[ 0.065949140023214, 0.065949140023214, 0.20861031972143, 0.065949140023214, 0.065949140023214, 0.065949140023214, 0.065949140023214, 0.065949140023214, 0.065949140023214, 0.065949140023214, 0.065949140023214, 0.065949140023214, 0.065949140023214 ],
[ 0.076923076923077, 0.076923076923077, 0.076923076923077, 0.076923076923077, 0.076923076923077, 0.076923076923077, 0.076923076923077, 0.076923076923077, 0.076923076923077, 0.076923076923077, 0.076923076923077, 0.076923076923077, 0.076923076923077 ],
[ 0.024249361920454, 0.024249361920454, 0.024249361920454, 0.11267117989496, 0.024249361920454, 0.21901033021494, 0.26472774964729, 0.024249361920454, 0.024249361920454, 0.024249361920454, 0.18534648295873, 0.024249361920454, 0.024249361920454 ],
[ 0.052352553617981, 0.052352553617981, 0.17466152112331, 0.052352553617981, 0.18087328345476, 0.12093965924212, 0.052352553617981, 0.052352553617981, 0.052352553617981, 0.052352553617981, 0.052352553617981, 0.052352553617981, 0.052352553617981 ],
[ 0.035630268314206, 0.035630268314206, 0.035630268314206, 0.035630268314206, 0.035630268314206, 0.035630268314206, 0.035630268314206, 0.14049049422756, 0.035630268314206, 0.035630268314206, 0.32491537461795, 0.17829144801243, 0.035630268314206 ],
[ 0.00047872795168765, 0.00047872795168765, 0.22033541855242, 0.02999641050263, 0.00047872795168765, 0.74488089142807, 0.00047872795168765, 0.00047872795168765, 0.00047872795168765, 0.00047872795168765, 0.00047872795168765, 0.00047872795168765, 0.00047872795168765 ],
[ 0.70787195252676, 0.0056188697011833, 0.0056188697011833, 0.014205071233486, 0.0056188697011833, 0.22173427922792, 0.0056188697011833, 0.0056188697011833, 0.0056188697011833, 0.0056188697011833, 0.0056188697011833, 0.0056188697011833, 0.0056188697011833 ],
[ 0.0048172751210419, 0.0048172751210419, 0.0048172751210419, 0.30049854464822, 0.0048172751210419, 0.0048172751210419, 0.0048172751210419, 0.0048172751210419, 0.0048172751210419, 0.0048172751210419, 0.64651142902032, 0.0048172751210419, 0.0048172751210419 ],
[ 0.03299098917982, 0.03299098917982, 0.03299098917982, 0.17565216887804, 0.03299098917982, 0.03299098917982, 0.32657426306854, 0.03299098917982, 0.03299098917982, 0.03299098917982, 0.16786367625522, 0.03299098917982, 0.03299098917982 ],
[ 0.076923076923077, 0.076923076923077, 0.076923076923077, 0.076923076923077, 0.076923076923077, 0.076923076923077, 0.076923076923077, 0.076923076923077, 0.076923076923077, 0.076923076923077, 0.076923076923077, 0.076923076923077, 0.076923076923077 ],
[ 0.056540757907419, 0.056540757907419, 0.056540757907419, 0.056540757907419, 0.056540757907419, 0.056540757907419, 0.056540757907419, 0.25800432582935, 0.056540757907419, 0.12004733718904, 0.056540757907419, 0.056540757907419, 0.056540757907419 ],
[ 0.076923076923077, 0.076923076923077, 0.076923076923077, 0.076923076923077, 0.076923076923077, 0.076923076923077, 0.076923076923077, 0.076923076923077, 0.076923076923077, 0.076923076923077, 0.076923076923077, 0.076923076923077, 0.076923076923077 ],
[ 0.071225071225071, 0.071225071225071, 0.071225071225071, 0.071225071225071, 0.071225071225071, 0.071225071225071, 0.071225071225071, 0.071225071225071, 0.071225071225071, 0.14529914529915, 0.071225071225071, 0.071225071225071, 0.071225071225071 ],
[ 0.076923076923077, 0.076923076923077, 0.076923076923077, 0.076923076923077, 0.076923076923077, 0.076923076923077, 0.076923076923077, 0.076923076923077, 0.076923076923077, 0.076923076923077, 0.076923076923077, 0.076923076923077, 0.076923076923077 ],
[ 0.056540757907419, 0.056540757907419, 0.056540757907419, 0.056540757907419, 0.056540757907419, 0.056540757907419, 0.056540757907419, 0.12004733718904, 0.19920193760564, 0.056540757907419, 0.056540757907419, 0.11534314613114, 0.056540757907419 ],
[ 0.31831565331097, 0.015281211353566, 0.015281211353566, 0.015281211353566, 0.015281211353566, 0.015281211353566, 0.015281211353566, 0.39700506443026, 0.13186716872311, 0.015281211353566, 0.015281211353566, 0.015281211353566, 0.015281211353566 ],
[ 0.076923076923077, 0.076923076923077, 0.076923076923077, 0.076923076923077, 0.076923076923077, 0.076923076923077, 0.076923076923077, 0.076923076923077, 0.076923076923077, 0.076923076923077, 0.076923076923077, 0.076923076923077, 0.076923076923077 ],
[ 0.071225071225071, 0.14529914529915, 0.071225071225071, 0.071225071225071, 0.071225071225071, 0.071225071225071, 0.071225071225071, 0.071225071225071, 0.071225071225071, 0.071225071225071, 0.071225071225071, 0.071225071225071, 0.071225071225071 ],
[ 0.061064018540013, 0.061064018540013, 0.061064018540013, 0.061064018540013, 0.061064018540013, 0.061064018540013, 0.26723177751984, 0.061064018540013, 0.061064018540013, 0.061064018540013, 0.061064018540013, 0.061064018540013, 0.061064018540013 ],
[ 0.071225071225071, 0.071225071225071, 0.071225071225071, 0.14529914529915, 0.071225071225071, 0.071225071225071, 0.071225071225071, 0.071225071225071, 0.071225071225071, 0.071225071225071, 0.071225071225071, 0.071225071225071, 0.071225071225071 ],
[ 0.035630268314206, 0.035630268314206, 0.10421737393835, 0.15592717549166, 0.10970434238828, 0.035630268314206, 0.035630268314206, 0.035630268314206, 0.26279946173289, 0.035630268314206, 0.035630268314206, 0.082309499935174, 0.035630268314206 ],
[ 0.076923076923077, 0.076923076923077, 0.076923076923077, 0.076923076923077, 0.076923076923077, 0.076923076923077, 0.076923076923077, 0.076923076923077, 0.076923076923077, 0.076923076923077, 0.076923076923077, 0.076923076923077, 0.076923076923077 ],
[ 0.071225071225071, 0.071225071225071, 0.071225071225071, 0.071225071225071, 0.071225071225071, 0.071225071225071, 0.071225071225071, 0.071225071225071, 0.14529914529915, 0.071225071225071, 0.071225071225071, 0.071225071225071, 0.071225071225071 ],
[ 0.076923076923077, 0.076923076923077, 0.076923076923077, 0.076923076923077, 0.076923076923077, 0.076923076923077, 0.076923076923077, 0.076923076923077, 0.076923076923077, 0.076923076923077, 0.076923076923077, 0.076923076923077, 0.076923076923077 ],
[ 0.62498369241256, 0.016503708261851, 0.016503708261851, 0.016503708261851, 0.016503708261851, 0.016503708261851, 0.016503708261851, 0.19347551670708, 0.016503708261851, 0.016503708261851, 0.016503708261851, 0.016503708261851, 0.016503708261851 ],
[ 0.076923076923077, 0.076923076923077, 0.076923076923077, 0.076923076923077, 0.076923076923077, 0.076923076923077, 0.076923076923077, 0.076923076923077, 0.076923076923077, 0.076923076923077, 0.076923076923077, 0.076923076923077, 0.076923076923077 ],
]