[
[ 0.0082559630118305, 0.0082559630118305, 0.0082559630118305, 0.0082559630118305, 0.15097365018064, 0.08233369883379, 0.079622070805613, 0.062702618774531, 0.0082559630118305, 0.0082559630118305, 0.036130207666299, 0.53044601265631, 0.0082559630118305 ],
[ 0.0044604399268909, 0.0044604399268909, 0.0044604399268909, 0.020407925351772, 0.0044604399268909, 0.0044604399268909, 0.48775283403534, 0.0044604399268909, 0.30457366164576, 0.14712161962511, 0.0044604399268909, 0.0044604399268909, 0.0044604399268909 ],
[ 0.020789919341953, 0.020789919341953, 0.020789919341953, 0.094863993416027, 0.071203489492599, 0.020789919341953, 0.020789919341953, 0.020789919341953, 0.020789919341953, 0.48037082163042, 0.16645242138338, 0.020789919341953, 0.020789919341953 ],
[ 0.0048172751210421, 0.0048172751210421, 0.0048172751210421, 0.88973647884117, 0.0048172751210421, 0.0048172751210421, 0.0048172751210421, 0.0048172751210421, 0.057273494827365, 0.0048172751210421, 0.0048172751210421, 0.0048172751210421, 0.0048172751210421 ],
[ 0.0076444101961386, 0.066446798419855, 0.0076444101961386, 0.0076444101961386, 0.75400703814208, 0.10310206147668, 0.0076444101961386, 0.0076444101961386, 0.0076444101961386, 0.0076444101961386, 0.0076444101961386, 0.0076444101961386, 0.0076444101961386 ],
[ 0.19920873615733, 0.022453112889308, 0.022453112889308, 0.27933384042922, 0.12904577842487, 0.047672449286581, 0.022453112889308, 0.022453112889308, 0.022453112889308, 0.16511429258753, 0.022453112889308, 0.022453112889308, 0.022453112889308 ],
[ 0.00095697939054796, 0.00095697939054796, 0.00095697939054796, 0.0041879867997617, 0.00095697939054796, 0.085818469691538, 0.4965630323621, 0.00095697939054796, 0.00095697939054796, 0.00095697939054796, 0.00095697939054796, 0.40481769663167, 0.00095697939054796 ],
[ 0.044883876558626, 0.044883876558626, 0.25522572231667, 0.25105163553845, 0.044883876558626, 0.044883876558626, 0.044883876558626, 0.044883876558626, 0.044883876558626, 0.044883876558626, 0.044883876558626, 0.044883876558626, 0.044883876558626 ],
[ 0.035630268314207, 0.035630268314207, 0.035630268314207, 0.035630268314207, 0.14887931230063, 0.035630268314207, 0.035630268314207, 0.035630268314207, 0.15592717549165, 0.035630268314207, 0.035630268314207, 0.035630268314207, 0.33889082906565 ],
[ 0.0041300369693434, 0.0041300369693434, 0.0041300369693434, 0.0041300369693434, 0.0041300369693434, 0.0041300369693434, 0.927088318963, 0.0041300369693434, 0.0041300369693434, 0.0041300369693434, 0.027481274374224, 0.0041300369693434, 0.0041300369693434 ],
[ 0.015281211353565, 0.015281211353565, 0.015281211353565, 0.015281211353565, 0.015281211353565, 0.015281211353565, 0.78356914735718, 0.015281211353565, 0.015281211353565, 0.015281211353565, 0.015281211353565, 0.048337527753598, 0.015281211353565 ],
[ 0.076923076923077, 0.076923076923077, 0.076923076923077, 0.076923076923077, 0.076923076923077, 0.076923076923077, 0.076923076923077, 0.076923076923077, 0.076923076923077, 0.076923076923077, 0.076923076923077, 0.076923076923077, 0.076923076923077 ],
[ 0.0081193467530651, 0.0038241083049477, 0.0038241083049477, 0.0038241083049477, 0.0078011809420933, 0.0038241083049477, 0.18551748907289, 0.0038241083049477, 0.097720397845019, 0.017449331048182, 0.49296088206706, 0.0038241083049477, 0.16748672244201 ],
[ 0.019249925316622, 0.019249925316622, 0.019249925316622, 0.019249925316622, 0.019249925316622, 0.019249925316622, 0.019249925316622, 0.019249925316622, 0.48023229716588, 0.23094312793398, 0.019249925316622, 0.019249925316622, 0.096325321733917 ],
[ 0.0035408410230995, 0.0035408410230995, 0.74531171452869, 0.0035408410230995, 0.0035408410230995, 0.0035408410230995, 0.077614915097174, 0.0035408410230995, 0.0035408410230995, 0.015495626772386, 0.095399545646843, 0.0035408410230995, 0.037851469770112 ],
[ 0.010400135677558, 0.067052852960389, 0.010400135677558, 0.010400135677558, 0.037731323224726, 0.20129620880703, 0.084474209751632, 0.14458233946126, 0.10403521658836, 0.010400135677558, 0.010400135677558, 0.29842703514125, 0.010400135677558 ],
[ 0.017824004922799, 0.017824004922799, 0.079008939588258, 0.48291245308576, 0.017824004922799, 0.017824004922799, 0.25983855809799, 0.017824004922799, 0.017824004922799, 0.017824004922799, 0.017824004922799, 0.017824004922799, 0.017824004922799 ],
[ 0.43770391740619, 0.064297127478967, 0.0076444101961385, 0.0076444101961385, 0.0076444101961385, 0.0076444101961385, 0.31415284591386, 0.0076444101961385, 0.0076444101961385, 0.0076444101961385, 0.0076444101961385, 0.032863746593409, 0.089827081038468 ],
[ 0.00060305934547639, 0.00060305934547639, 0.623099634445, 0.024900438722986, 0.2812324779874, 0.00060305934547639, 0.00060305934547639, 0.00060305934547639, 0.00060305934547639, 0.00060305934547639, 0.00060305934547639, 0.065339914735326, 0.00060305934547639 ],
[ 0.024249361920453, 0.024249361920453, 0.024249361920453, 0.12134216369207, 0.15634304682621, 0.10612141560056, 0.098323435994527, 0.024249361920453, 0.024249361920453, 0.024249361920453, 0.024249361920453, 0.024249361920453, 0.32387504252301 ],
[ 0.0065538496194603, 0.0065538496194603, 0.17154530871946, 0.0065538496194603, 0.0065538496194603, 0.0065538496194603, 0.0065538496194603, 0.02817536573509, 0.0065538496194603, 0.34151948428021, 0.0065538496194603, 0.028681323720261, 0.3776477205893 ],
[ 0.061064018540013, 0.061064018540013, 0.061064018540013, 0.061064018540013, 0.061064018540013, 0.061064018540013, 0.13513809261409, 0.061064018540013, 0.061064018540013, 0.061064018540013, 0.061064018540013, 0.061064018540013, 0.19315770344577 ],
[ 0.041559144961691, 0.091972715112337, 0.041559144961691, 0.041559144961691, 0.041559144961691, 0.088238376582663, 0.28188849118277, 0.041559144961691, 0.041559144961691, 0.041559144961691, 0.041559144961691, 0.16386811246702, 0.041559144961691 ],
[ 0.096626941642231, 0.030547212203538, 0.030547212203538, 0.56735372411885, 0.030547212203538, 0.030547212203538, 0.030547212203538, 0.030547212203538, 0.030547212203538, 0.030547212203538, 0.030547212203538, 0.030547212203538, 0.030547212203538 ],
[ 0.037685857959419, 0.007078157589018, 0.030975829617881, 0.016351255243906, 0.053757389209989, 0.050449317323186, 0.20466607747459, 0.15108161011674, 0.047236638824361, 0.18436599446932, 0.007078157589018, 0.007078157589018, 0.20219555699356 ],
[ 0.0065538496194595, 0.037161549989859, 0.0065538496194595, 0.0065538496194595, 0.0065538496194595, 0.0065538496194595, 0.042254671331495, 0.0065538496194595, 0.2049895186295, 0.65660961347401, 0.0065538496194595, 0.0065538496194595, 0.0065538496194595 ],
[ 0.27467646777998, 0.0028108337644633, 0.0028108337644633, 0.0028108337644633, 0.0028108337644633, 0.12914189425862, 0.0028108337644633, 0.0028108337644633, 0.0028108337644633, 0.0028108337644633, 0.55693845872038, 0.013945675360851, 0.0028108337644633 ],
[ 0.0096297552569982, 0.29332063502299, 0.040237455627401, 0.044876494115865, 0.026793611849323, 0.0096297552569982, 0.0096297552569982, 0.0096297552569982, 0.0096297552569982, 0.089969429750833, 0.0096297552569982, 0.0096297552569982, 0.4373940868346 ],
[ 0.0070781575890172, 0.073157887027704, 0.0070781575890172, 0.0070781575890172, 0.0070781575890172, 0.02179339815171, 0.63280357100848, 0.20854172551095, 0.0070781575890172, 0.0070781575890172, 0.0070781575890172, 0.0070781575890172, 0.0070781575890172 ],
[ 0.0060683792772782, 0.0060683792772782, 0.0060683792772782, 0.0060683792772782, 0.07697035137312, 0.0060683792772782, 0.049289890037436, 0.5295355831032, 0.085791865183616, 0.0060683792772782, 0.2098652760844, 0.0060683792772782, 0.0060683792772782 ],
[ 0.024249361920454, 0.024249361920454, 0.024249361920454, 0.024249361920454, 0.024249361920454, 0.024249361920454, 0.47577498834094, 0.083051750144168, 0.19867964231035, 0.024249361920454, 0.024249361920454, 0.024249361920454, 0.024249361920454 ],
[ 0.024249361920454, 0.024249361920454, 0.024249361920454, 0.024249361920454, 0.024249361920454, 0.024249361920454, 0.024249361920454, 0.11788444283126, 0.49306360853843, 0.024249361920454, 0.024249361920454, 0.14655832942578, 0.024249361920454 ],
[ 0.017824004922798, 0.017824004922798, 0.017824004922798, 0.12853678718584, 0.081330584204412, 0.017824004922798, 0.10772474730393, 0.017824004922798, 0.017824004922798, 0.08155046764359, 0.017824004922798, 0.12268423083615, 0.35340514836649 ],
[ 0.11563321903577, 0.041559144961691, 0.041559144961691, 0.041559144961691, 0.18187345749346, 0.041559144961691, 0.1548081889481, 0.11014625058583, 0.041559144961691, 0.041559144961691, 0.041559144961691, 0.10506572424331, 0.041559144961691 ],
[ 0.065949140023214, 0.065949140023214, 0.065949140023214, 0.20861031972143, 0.065949140023214, 0.065949140023214, 0.065949140023214, 0.065949140023214, 0.065949140023214, 0.065949140023214, 0.065949140023214, 0.065949140023214, 0.065949140023214 ],
[ 0.065949140023214, 0.065949140023214, 0.065949140023214, 0.065949140023214, 0.065949140023214, 0.20861031972143, 0.065949140023214, 0.065949140023214, 0.065949140023214, 0.065949140023214, 0.065949140023214, 0.065949140023214, 0.065949140023214 ],
[ 1.3180355567577e-05, 0.052481512362791, 5.9557261847767e-06, 0.013631178469418, 0.014721196288878, 0.023998976858367, 5.9557261847767e-06, 5.9557261847767e-06, 0.074260233653496, 0.51215175476399, 0.2799658416056, 0.01613635575268, 0.01262190271066 ],
[ 0.022453112889309, 0.31282453423213, 0.022453112889309, 0.022453112889309, 0.022453112889309, 0.29030969280019, 0.022453112889309, 0.049689996198361, 0.022453112889309, 0.022453112889309, 0.096527186963383, 0.022453112889309, 0.071023686691463 ],
[ 0.016503708261851, 0.016503708261851, 0.016503708261851, 0.016503708261851, 0.016503708261851, 0.016503708261851, 0.050814337008863, 0.17586815481395, 0.20383342386981, 0.016503708261851, 0.42095070995071, 0.016503708261851, 0.016503708261851 ],
[ 0.012598005559534, 0.00044326662193307, 0.00044326662193307, 0.55883074142201, 0.00044326662193307, 0.011259407726593, 0.00044326662193307, 0.00044326662193307, 0.00044326662193307, 0.00044326662193307, 0.41332244569447, 0.00044326662193307, 0.00044326662193307 ],
[ 0.30372590416711, 0.0082559630118288, 0.0082559630118288, 0.0082559630118288, 0.083246574463671, 0.0082559630118288, 0.0082559630118288, 0.0082559630118288, 0.15966452893158, 0.035492846320884, 0.0082559630118288, 0.1688232130088, 0.19125519202516 ],
[ 0.071089853875465, 0.002231330466379, 0.002231330466379, 0.55023618137855, 0.002231330466379, 0.29275701135101, 0.002231330466379, 0.002231330466379, 0.045815056868279, 0.002231330466379, 0.022251252795666, 0.002231330466379, 0.002231330466379 ],
[ 0.0060683792772775, 0.012379493725647, 0.0060683792772775, 0.10226477318032, 0.0060683792772775, 0.012884382881518, 0.0060683792772775, 0.0060683792772775, 0.37154571142716, 0.1272022668828, 0.0060683792772775, 0.33124471696161, 0.0060683792772775 ],
[ 0.13145988734282, 0.041559144961691, 0.041559144961691, 0.23358645408008, 0.041559144961691, 0.11014625058583, 0.041559144961691, 0.041559144961691, 0.041559144961691, 0.041559144961691, 0.041559144961691, 0.041559144961691, 0.15077510333606 ],
[ 0.0028108337644633, 0.0028108337644633, 0.0028108337644633, 0.0028108337644633, 0.029052003492171, 0.21377276119929, 0.0028108337644633, 0.72906689766391, 0.0028108337644633, 0.0028108337644633, 0.0028108337644633, 0.0028108337644633, 0.0028108337644633 ],
[ 0.017824004922798, 0.12703996329716, 0.14991768982856, 0.017824004922798, 0.017824004922798, 0.35914023819229, 0.017824004922798, 0.017824004922798, 0.04117524232768, 0.079008939588256, 0.017824004922798, 0.11894989230647, 0.017824004922798 ],
[ 0.05654075790742, 0.05654075790742, 0.05654075790742, 0.05654075790742, 0.05654075790742, 0.13061483198149, 0.05654075790742, 0.05654075790742, 0.24743683103689, 0.05654075790742, 0.05654075790742, 0.05654075790742, 0.05654075790742 ],
[ 0.052352553617981, 0.11585913289959, 0.052352553617981, 0.052352553617981, 0.052352553617981, 0.052352553617981, 0.052352553617981, 0.052352553617981, 0.052352553617981, 0.12642662769206, 0.1656015976044, 0.12093965924212, 0.052352553617981 ],
[ 0.070931752947442, 0.10534231964799, 0.004460439926891, 0.004460439926891, 0.004460439926891, 0.051139671547862, 0.064543693083196, 0.004460439926891, 0.23540905908497, 0.0094704060527753, 0.23985890877945, 0.098774494460975, 0.10668793468778 ],
[ 0.010400135677558, 0.13116935149393, 0.11961609405193, 0.045513656159729, 0.010400135677558, 0.29300786490412, 0.010400135677558, 0.010400135677558, 0.010400135677558, 0.025115376240251, 0.010400135677558, 0.14798078903325, 0.17519605405144 ],
[ 0.0038241083049475, 0.0038241083049475, 0.0038241083049475, 0.1520209894231, 0.0038241083049475, 0.43583877907669, 0.27329497266947, 0.0038241083049475, 0.0038241083049475, 0.052562851530348, 0.0038241083049475, 0.01209641939021, 0.04741722977554 ],
[ 0.0019130062297488, 0.16888914502817, 0.72159296644597, 0.0019130062297488, 0.0019130062297488, 0.022744092801686, 0.0019130062297488, 0.0019130062297488, 0.0019130062297488, 0.0083718049909749, 0.0019130062297488, 0.063097940895206, 0.0019130062297488 ],
[ 0.076923076923077, 0.076923076923077, 0.076923076923077, 0.076923076923077, 0.076923076923077, 0.076923076923077, 0.076923076923077, 0.076923076923077, 0.076923076923077, 0.076923076923077, 0.076923076923077, 0.076923076923077, 0.076923076923077 ],
[ 0.052352553617981, 0.11585913289959, 0.052352553617981, 0.12642662769206, 0.052352553617981, 0.052352553617981, 0.052352553617981, 0.1656015976044, 0.052352553617981, 0.052352553617981, 0.052352553617981, 0.052352553617981, 0.12093965924212 ],
[ 0.13211804114347, 0.13008395329862, 0.61649082301487, 0.012130718254304, 0.012130718254304, 0.012130718254304, 0.012130718254304, 0.012130718254304, 0.012130718254304, 0.012130718254304, 0.012130718254304, 0.012130718254304, 0.012130718254304 ],
[ 0.048474586683316, 0.048474586683316, 0.15769054505769, 0.048474586683316, 0.16642782172763, 0.048474586683316, 0.19113576638153, 0.048474586683316, 0.048474586683316, 0.048474586683316, 0.048474586683316, 0.048474586683316, 0.048474586683316 ],
[ 0.04155914496169, 0.04155914496169, 0.04155914496169, 0.39456217041795, 0.04155914496169, 0.04155914496169, 0.04155914496169, 0.04155914496169, 0.14828723500346, 0.04155914496169, 0.04155914496169, 0.04155914496169, 0.04155914496169 ],
[ 0.017824004922798, 0.017824004922798, 0.017824004922798, 0.091898078996872, 0.017824004922798, 0.017824004922798, 0.017824004922798, 0.017824004922798, 0.017824004922798, 0.017824004922798, 0.017824004922798, 0.017824004922798, 0.71203786685235 ],
[ 0.0044604399268909, 0.0044604399268909, 0.0044604399268909, 0.0044604399268909, 0.0044604399268909, 0.0044604399268909, 0.0044604399268909, 0.0044604399268909, 0.0044604399268909, 0.0044604399268909, 0.88629631731268, 0.06463884349152, 0.0044604399268909 ],
[ 0.019249925316622, 0.019249925316622, 0.019249925316622, 0.76900089620053, 0.019249925316622, 0.019249925316622, 0.019249925316622, 0.019249925316622, 0.019249925316622, 0.019249925316622, 0.019249925316622, 0.019249925316622, 0.019249925316622 ],
[ 0.00017602727431812, 0.038936187781746, 0.33621019623402, 0.063682606555931, 0.00017602727431812, 0.00017602727431812, 0.00017602727431812, 0.040195944644835, 0.024557533232111, 0.00017602727431812, 0.058978415498034, 0.43484176457153, 0.0017172151102054 ],
[ 0.012659138814942, 0.54787306056828, 0.0024098369036894, 0.056856492666389, 0.089108985895183, 0.17812733300194, 0.0024098369036894, 0.0024098369036894, 0.0024098369036894, 0.0024098369036894, 0.0024098369036894, 0.0024098369036894, 0.098506130727445 ],
[ 0.37474501119126, 0.024249361920453, 0.024249361920453, 0.17607789567528, 0.024249361920453, 0.10612141560055, 0.024249361920453, 0.024249361920453, 0.024249361920453, 0.024249361920453, 0.061304840967224, 0.087755941202066, 0.024249361920453 ],
[ 0.035630268314206, 0.035630268314206, 0.035630268314206, 0.035630268314206, 0.1127056647315, 0.035630268314206, 0.34382192627791, 0.035630268314206, 0.035630268314206, 0.035630268314206, 0.18716972584853, 0.035630268314206, 0.035630268314206 ],
[ 0.15793923581954, 0.035630268314206, 0.035630268314206, 0.035630268314206, 0.035630268314206, 0.1625864897421, 0.24909751722222, 0.035630268314206, 0.035630268314206, 0.10970434238828, 0.035630268314206, 0.035630268314206, 0.035630268314206 ],
[ 0.076923076923077, 0.076923076923077, 0.076923076923077, 0.076923076923077, 0.076923076923077, 0.076923076923077, 0.076923076923077, 0.076923076923077, 0.076923076923077, 0.076923076923077, 0.076923076923077, 0.076923076923077, 0.076923076923077 ],
[ 0.041559144961691, 0.041559144961691, 0.041559144961691, 0.041559144961691, 0.041559144961691, 0.23089955628088, 0.041559144961691, 0.041559144961691, 0.041559144961691, 0.15547929439395, 0.1003615331854, 0.041559144961691, 0.13922731148456 ],
[ 0.024249361920454, 0.024249361920454, 0.024249361920454, 0.070928593541425, 0.024249361920454, 0.18791197605752, 0.024249361920454, 0.49866581119652, 0.024249361920454, 0.024249361920454, 0.024249361920454, 0.024249361920454, 0.024249361920454 ],
[ 0.016503708261851, 0.71205475847666, 0.016503708261851, 0.016503708261851, 0.016503708261851, 0.016503708261851, 0.10640445064298, 0.016503708261851, 0.016503708261851, 0.016503708261851, 0.016503708261851, 0.016503708261851, 0.016503708261851 ],
[ 0.032990989179821, 0.032990989179821, 0.032990989179821, 0.032990989179821, 0.032990989179821, 0.032990989179821, 0.032990989179821, 0.032990989179821, 0.3735635010215, 0.032990989179821, 0.032990989179821, 0.032990989179821, 0.26353561800047 ],
[ 0.084296498623566, 0.094863993416026, 0.020789919341952, 0.020789919341952, 0.020789919341952, 0.24206768630632, 0.020789919341952, 0.11961222493619, 0.020789919341952, 0.089377024966095, 0.020789919341952, 0.020789919341952, 0.22425313635814 ],
[ 0.061064018540013, 0.26723177751984, 0.061064018540013, 0.061064018540013, 0.061064018540013, 0.061064018540013, 0.061064018540013, 0.061064018540013, 0.061064018540013, 0.061064018540013, 0.061064018540013, 0.061064018540013, 0.061064018540013 ],
[ 0.0065538496194605, 0.19576681236814, 0.45024090706818, 0.11863100270322, 0.046573766989979, 0.0065538496194605, 0.0065538496194605, 0.0065538496194605, 0.0065538496194605, 0.0065538496194605, 0.093135203154639, 0.04977536037962, 0.0065538496194605 ],
[ 0.0019130062297489, 0.0019130062297489, 0.0019130062297489, 0.6784027110936, 0.03252070660015, 0.0019130062297489, 0.2591303789041, 0.0019130062297489, 0.0019130062297489, 0.0019130062297489, 0.012729147334409, 0.0019130062297489, 0.0019130062297489 ],
[ 0.038480689779343, 0.038480689779343, 0.038480689779343, 0.038480689779343, 0.11255476385342, 0.038480689779343, 0.10706779540348, 0.038480689779343, 0.038480689779343, 0.038480689779343, 0.39557054294967, 0.038480689779343, 0.038480689779343 ],
[ 0.022453112889309, 0.022453112889309, 0.022453112889309, 0.12357900027298, 0.062473030259821, 0.022453112889309, 0.022453112889309, 0.085959692170919, 0.11608819380011, 0.022453112889309, 0.022453112889309, 0.43227518038169, 0.022453112889309 ],
[ 0.0096297552569982, 0.0096297552569982, 0.74064736810355, 0.0096297552569982, 0.0096297552569982, 0.0096297552569982, 0.12508486076354, 0.0096297552569982, 0.0096297552569982, 0.0096297552569982, 0.0096297552569982, 0.037970218562928, 0.0096297552569982 ],
[ 0.024249361920453, 0.024249361920453, 0.024249361920453, 0.083051750144167, 0.024249361920453, 0.024249361920453, 0.024249361920453, 0.024249361920453, 0.25132005599424, 0.024249361920453, 0.024249361920453, 0.076705581626778, 0.37067835495074 ],
[ 0.076923076923077, 0.076923076923077, 0.076923076923077, 0.076923076923077, 0.076923076923077, 0.076923076923077, 0.076923076923077, 0.076923076923077, 0.076923076923077, 0.076923076923077, 0.076923076923077, 0.076923076923077, 0.076923076923077 ],
[ 0.33618668948327, 0.0011162207611351, 0.32894407435219, 0.15984424295576, 0.0011162207611351, 0.0011162207611351, 0.13320990566689, 0.0011162207611351, 0.0011162207611351, 0.0011162207611351, 0.032885321452815, 0.0011162207611351, 0.0011162207611351 ],
[ 0.065949140023214, 0.065949140023214, 0.065949140023214, 0.20861031972143, 0.065949140023214, 0.065949140023214, 0.065949140023214, 0.065949140023214, 0.065949140023214, 0.065949140023214, 0.065949140023214, 0.065949140023214, 0.065949140023214 ],
[ 0.0028108337644632, 0.0028108337644632, 0.0028108337644632, 0.0028108337644632, 0.0028108337644632, 0.0028108337644632, 0.83219567543447, 0.0028108337644632, 0.0028108337644632, 0.0028108337644632, 0.13688515315643, 0.0028108337644632, 0.0028108337644632 ],
[ 0.012130718254304, 0.012130718254304, 0.85443138094835, 0.012130718254304, 0.012130718254304, 0.012130718254304, 0.012130718254304, 0.012130718254304, 0.012130718254304, 0.012130718254304, 0.012130718254304, 0.012130718254304, 0.012130718254304 ],
[ 0.048474586683316, 0.048474586683316, 0.048474586683316, 0.41830495980021, 0.048474586683316, 0.048474586683316, 0.048474586683316, 0.048474586683316, 0.048474586683316, 0.048474586683316, 0.048474586683316, 0.048474586683316, 0.048474586683316 ],
[ 0.1285562812212, 0.013101175714647, 0.067547831477349, 0.15576235541287, 0.097354016198797, 0.013101175714647, 0.063514745865297, 0.39555653982197, 0.013101175714647, 0.013101175714647, 0.013101175714647, 0.013101175714647, 0.013101175714647 ],
[ 0.017824004922798, 0.017824004922798, 0.017824004922798, 0.017824004922798, 0.054879483969574, 0.017824004922798, 0.017824004922798, 0.11818021123862, 0.017824004922798, 0.078002408487431, 0.017824004922798, 0.58852185199919, 0.017824004922798 ],
[ 0.49545081928176, 0.017824004922798, 0.078002408487424, 0.017824004922798, 0.017824004922798, 0.017824004922798, 0.098100994729732, 0.017824004922798, 0.017824004922798, 0.017824004922798, 0.1680297331959, 0.017824004922798, 0.017824004922798 ],
[ 0.032990989179821, 0.032990989179821, 0.032990989179821, 0.20017808022463, 0.13008379095144, 0.032990989179821, 0.073010906550336, 0.032990989179821, 0.032990989179821, 0.11326797898675, 0.032990989179821, 0.21953132984828, 0.032990989179821 ],
[ 0.041559144961691, 0.041559144961691, 0.041559144961691, 0.11563321903576, 0.041559144961691, 0.14641937087505, 0.041559144961691, 0.041559144961691, 0.13145988734282, 0.1003615331854, 0.041559144961691, 0.041559144961691, 0.17365282986744 ],
[ 0.048474586683315, 0.23501492735178, 0.12254866075739, 0.048474586683315, 0.048474586683315, 0.048474586683315, 0.048474586683315, 0.15769054505768, 0.048474586683315, 0.048474586683315, 0.048474586683315, 0.048474586683315, 0.048474586683315 ],
[ 0.18941722020521, 0.056540757907419, 0.12512786353156, 0.056540757907419, 0.056540757907419, 0.056540757907419, 0.056540757907419, 0.12004733718904, 0.056540757907419, 0.056540757907419, 0.056540757907419, 0.056540757907419, 0.056540757907419 ],
[ 0.065949140023214, 0.065949140023214, 0.065949140023214, 0.065949140023214, 0.065949140023214, 0.065949140023214, 0.065949140023214, 0.065949140023214, 0.20861031972143, 0.065949140023214, 0.065949140023214, 0.065949140023214, 0.065949140023214 ],
[ 0.011232146531763, 0.011232146531763, 0.011232146531763, 0.86521424161884, 0.011232146531763, 0.011232146531763, 0.011232146531763, 0.011232146531763, 0.011232146531763, 0.011232146531763, 0.011232146531763, 0.011232146531763, 0.011232146531763 ],
[ 0.056540757907419, 0.056540757907419, 0.056540757907419, 0.32151090511097, 0.056540757907419, 0.056540757907419, 0.056540757907419, 0.056540757907419, 0.056540757907419, 0.056540757907419, 0.056540757907419, 0.056540757907419, 0.056540757907419 ],
[ 0.012130718254304, 0.012130718254304, 0.012130718254304, 0.012130718254304, 0.85443138094836, 0.012130718254304, 0.012130718254304, 0.012130718254304, 0.012130718254304, 0.012130718254304, 0.012130718254304, 0.012130718254304, 0.012130718254304 ],
[ 0.071225071225071, 0.071225071225071, 0.14529914529915, 0.071225071225071, 0.071225071225071, 0.071225071225071, 0.071225071225071, 0.071225071225071, 0.071225071225071, 0.071225071225071, 0.071225071225071, 0.071225071225071, 0.071225071225071 ],
[ 0.0060683792772782, 0.0060683792772782, 0.10063085529654, 0.023232235869602, 0.0060683792772782, 0.0060683792772782, 0.19168190379078, 0.057857402298242, 0.02941961668216, 0.0060683792772782, 0.50224311141541, 0.0060683792772782, 0.058524598983606 ],
[ 0.048474586683316, 0.048474586683316, 0.048474586683316, 0.048474586683316, 0.048474586683316, 0.048474586683316, 0.048474586683316, 0.048474586683316, 0.048474586683316, 0.19113576638153, 0.16642782172763, 0.048474586683316, 0.15769054505768 ],
[ 0.013101175714647, 0.013101175714647, 0.35801519420521, 0.013101175714647, 0.013101175714647, 0.038320512111921, 0.013101175714647, 0.013101175714647, 0.013101175714647, 0.013101175714647, 0.18985679898268, 0.013101175714647, 0.29589691326836 ],
[ 0.060499939621103, 0.02618931087409, 0.02618931087409, 0.069410821634246, 0.02618931087409, 0.02618931087409, 0.02618931087409, 0.02618931087409, 0.43039306600525, 0.02618931087409, 0.02618931087409, 0.2039923748726, 0.02618931087409 ],
[ 0.02618931087409, 0.02618931087409, 0.02618931087409, 0.02618931087409, 0.02618931087409, 0.10026338494816, 0.02618931087409, 0.15828299577984, 0.07660288102474, 0.02618931087409, 0.11609005325522, 0.02618931087409, 0.33924619799931 ],
[ 0.010400135677558, 0.010400135677558, 0.80661126624516, 0.078987241301701, 0.010400135677558, 0.010400135677558, 0.010400135677558, 0.010400135677558, 0.010400135677558, 0.010400135677558, 0.010400135677558, 0.010400135677558, 0.010400135677558 ],
[ 0.0076444101961379, 0.0076444101961379, 0.0076444101961379, 0.12663902441802, 0.0076444101961379, 0.0076444101961379, 0.69906045117739, 0.0076444101961379, 0.054485262709042, 0.051015569930308, 0.0076444101961379, 0.0076444101961379, 0.0076444101961379 ],
[ 0.065949140023214, 0.13453624564736, 0.065949140023214, 0.065949140023214, 0.065949140023214, 0.065949140023214, 0.065949140023214, 0.065949140023214, 0.065949140023214, 0.065949140023214, 0.065949140023214, 0.14002321409729, 0.065949140023214 ],
[ 0.076923076923077, 0.076923076923077, 0.076923076923077, 0.076923076923077, 0.076923076923077, 0.076923076923077, 0.076923076923077, 0.076923076923077, 0.076923076923077, 0.076923076923077, 0.076923076923077, 0.076923076923077, 0.076923076923077 ],
[ 0.04155914496169, 0.04155914496169, 0.04155914496169, 0.04155914496169, 0.04155914496169, 0.04155914496169, 0.084780655721852, 0.04155914496169, 0.04155914496169, 0.04155914496169, 0.26096091423864, 0.04155914496169, 0.23866698042261 ],
[ 0.035630268314207, 0.035630268314207, 0.035630268314207, 0.035630268314207, 0.035630268314207, 0.035630268314207, 0.035630268314207, 0.035630268314207, 0.035630268314207, 0.14049049422755, 0.46757655431617, 0.035630268314207, 0.035630268314207 ],
[ 0.061064018540013, 0.061064018540013, 0.061064018540013, 0.061064018540013, 0.061064018540013, 0.061064018540013, 0.12457059782163, 0.061064018540013, 0.061064018540013, 0.061064018540013, 0.061064018540013, 0.061064018540013, 0.20372519823823 ],
[ 0.0038241083049473, 0.43752614719624, 0.34724781029937, 0.0038241083049473, 0.0038241083049473, 0.079892157683295, 0.0038241083049473, 0.050503339925919, 0.0038241083049473, 0.054237678455596, 0.0038241083049473, 0.0038241083049473, 0.0038241083049473 ],
[ 0.038480689779343, 0.53823172264788, 0.038480689779343, 0.038480689779343, 0.038480689779343, 0.038480689779343, 0.038480689779343, 0.038480689779343, 0.038480689779343, 0.038480689779343, 0.038480689779343, 0.038480689779343, 0.038480689779343 ],
[ 0.048474586683316, 0.048474586683316, 0.048474586683316, 0.048474586683316, 0.048474586683316, 0.048474586683316, 0.31344473388686, 0.048474586683316, 0.048474586683316, 0.15333481259667, 0.048474586683316, 0.048474586683316, 0.048474586683316 ],
[ 0.00025864181643823, 0.3057831877588, 0.00025864181643823, 0.00025864181643823, 0.00025864181643823, 0.00025864181643823, 0.00025864181643823, 0.00025864181643823, 0.00025864181643823, 0.032027742508119, 0.64024782605478, 0.019613467330359, 0.00025864181643823 ],
[ 0.028284455744017, 0.028284455744017, 0.028284455744017, 0.14153349973044, 0.028284455744017, 0.13614862203044, 0.12610166377264, 0.028284455744017, 0.028284455744017, 0.028284455744017, 0.078698025894659, 0.14858136292147, 0.17094563544223 ],
[ 0.061064018540013, 0.061064018540013, 0.061064018540013, 0.061064018540013, 0.061064018540013, 0.26723177751984, 0.061064018540013, 0.061064018540013, 0.061064018540013, 0.061064018540013, 0.061064018540013, 0.061064018540013, 0.061064018540013 ],
[ 0.052352553617981, 0.052352553617981, 0.1656015976044, 0.052352553617981, 0.12642662769205, 0.18444623852374, 0.052352553617981, 0.052352553617981, 0.052352553617981, 0.052352553617981, 0.052352553617981, 0.052352553617981, 0.052352553617981 ],
[ 0.061064018540013, 0.061064018540013, 0.061064018540013, 0.061064018540013, 0.061064018540013, 0.061064018540013, 0.061064018540013, 0.26723177751984, 0.061064018540013, 0.061064018540013, 0.061064018540013, 0.061064018540013, 0.061064018540013 ],
[ 0.041559144961691, 0.10506572424331, 0.041559144961691, 0.041559144961691, 0.041559144961691, 0.041559144961691, 0.041559144961691, 0.18422032465991, 0.041559144961691, 0.041559144961691, 0.29512250147988, 0.041559144961691, 0.041559144961691 ],
[ 0.032990989179821, 0.60410812984215, 0.032990989179821, 0.032990989179821, 0.032990989179821, 0.032990989179821, 0.032990989179821, 0.032990989179821, 0.032990989179821, 0.032990989179821, 0.032990989179821, 0.032990989179821, 0.032990989179821 ],
[ 0.065949140023214, 0.065949140023214, 0.20861031972143, 0.065949140023214, 0.065949140023214, 0.065949140023214, 0.065949140023214, 0.065949140023214, 0.065949140023214, 0.065949140023214, 0.065949140023214, 0.065949140023214, 0.065949140023214 ],
[ 0.076923076923077, 0.076923076923077, 0.076923076923077, 0.076923076923077, 0.076923076923077, 0.076923076923077, 0.076923076923077, 0.076923076923077, 0.076923076923077, 0.076923076923077, 0.076923076923077, 0.076923076923077, 0.076923076923077 ],
[ 0.022453112889309, 0.022453112889309, 0.022453112889309, 0.10432516656941, 0.022453112889309, 0.20278734279161, 0.31919236078453, 0.022453112889309, 0.022453112889309, 0.022453112889309, 0.17161711385067, 0.022453112889309, 0.022453112889309 ],
[ 0.048474586683316, 0.048474586683316, 0.23579770474381, 0.048474586683316, 0.16747526245811, 0.11198116596493, 0.048474586683316, 0.048474586683316, 0.048474586683316, 0.048474586683316, 0.048474586683316, 0.048474586683316, 0.048474586683316 ],
[ 0.035630268314206, 0.035630268314206, 0.035630268314206, 0.035630268314206, 0.035630268314206, 0.035630268314206, 0.035630268314206, 0.14049049422756, 0.035630268314206, 0.035630268314206, 0.32491537461795, 0.17829144801243, 0.035630268314206 ],
[ 0.00044326662193301, 0.00044326662193301, 0.20401427643743, 0.027774454169102, 0.00044326662193301, 0.76377860317414, 0.00044326662193301, 0.00044326662193301, 0.00044326662193301, 0.00044326662193301, 0.00044326662193301, 0.00044326662193301, 0.00044326662193301 ],
[ 0.78527716426803, 0.0041300369693432, 0.0041300369693432, 0.010441151417712, 0.0041300369693432, 0.16298131462083, 0.0041300369693432, 0.0041300369693432, 0.0041300369693432, 0.0041300369693432, 0.0041300369693432, 0.0041300369693432, 0.0041300369693432 ],
[ 0.0048172751210419, 0.0048172751210419, 0.0048172751210419, 0.30049854464822, 0.0048172751210419, 0.0048172751210419, 0.0048172751210419, 0.0048172751210419, 0.0048172751210419, 0.0048172751210419, 0.64651142902032, 0.0048172751210419, 0.0048172751210419 ],
[ 0.030547212203537, 0.030547212203537, 0.030547212203537, 0.23671497118337, 0.030547212203537, 0.030547212203537, 0.30238357691531, 0.030547212203537, 0.030547212203537, 0.030547212203537, 0.15542932986594, 0.030547212203537, 0.030547212203537 ],
[ 0.061064018540013, 0.19315770344577, 0.061064018540013, 0.13513809261409, 0.061064018540013, 0.061064018540013, 0.061064018540013, 0.061064018540013, 0.061064018540013, 0.061064018540013, 0.061064018540013, 0.061064018540013, 0.061064018540013 ],
[ 0.056540757907419, 0.056540757907419, 0.056540757907419, 0.056540757907419, 0.056540757907419, 0.056540757907419, 0.056540757907419, 0.25800432582935, 0.056540757907419, 0.12004733718904, 0.056540757907419, 0.056540757907419, 0.056540757907419 ],
[ 0.076923076923077, 0.076923076923077, 0.076923076923077, 0.076923076923077, 0.076923076923077, 0.076923076923077, 0.076923076923077, 0.076923076923077, 0.076923076923077, 0.076923076923077, 0.076923076923077, 0.076923076923077, 0.076923076923077 ],
[ 0.071225071225071, 0.071225071225071, 0.071225071225071, 0.071225071225071, 0.071225071225071, 0.071225071225071, 0.071225071225071, 0.071225071225071, 0.071225071225071, 0.14529914529915, 0.071225071225071, 0.071225071225071, 0.071225071225071 ],
[ 0.076923076923077, 0.076923076923077, 0.076923076923077, 0.076923076923077, 0.076923076923077, 0.076923076923077, 0.076923076923077, 0.076923076923077, 0.076923076923077, 0.076923076923077, 0.076923076923077, 0.076923076923077, 0.076923076923077 ],
[ 0.056540757907419, 0.056540757907419, 0.056540757907419, 0.056540757907419, 0.056540757907419, 0.056540757907419, 0.056540757907419, 0.12004733718904, 0.19920193760564, 0.056540757907419, 0.056540757907419, 0.11534314613114, 0.056540757907419 ],
[ 0.31831565331097, 0.015281211353566, 0.015281211353566, 0.015281211353566, 0.015281211353566, 0.015281211353566, 0.015281211353566, 0.39700506443026, 0.13186716872311, 0.015281211353566, 0.015281211353566, 0.015281211353566, 0.015281211353566 ],
[ 0.076923076923077, 0.076923076923077, 0.076923076923077, 0.076923076923077, 0.076923076923077, 0.076923076923077, 0.076923076923077, 0.076923076923077, 0.076923076923077, 0.076923076923077, 0.076923076923077, 0.076923076923077, 0.076923076923077 ],
[ 0.071225071225071, 0.14529914529915, 0.071225071225071, 0.071225071225071, 0.071225071225071, 0.071225071225071, 0.071225071225071, 0.071225071225071, 0.071225071225071, 0.071225071225071, 0.071225071225071, 0.071225071225071, 0.071225071225071 ],
[ 0.061064018540013, 0.061064018540013, 0.061064018540013, 0.061064018540013, 0.061064018540013, 0.061064018540013, 0.26723177751984, 0.061064018540013, 0.061064018540013, 0.061064018540013, 0.061064018540013, 0.061064018540013, 0.061064018540013 ],
[ 0.071225071225071, 0.071225071225071, 0.071225071225071, 0.14529914529915, 0.071225071225071, 0.071225071225071, 0.071225071225071, 0.071225071225071, 0.071225071225071, 0.071225071225071, 0.071225071225071, 0.071225071225071, 0.071225071225071 ],
[ 0.035630268314206, 0.035630268314206, 0.10421737393835, 0.15592717549166, 0.10970434238828, 0.035630268314206, 0.035630268314206, 0.035630268314206, 0.26279946173289, 0.035630268314206, 0.035630268314206, 0.082309499935174, 0.035630268314206 ],
[ 0.076923076923077, 0.076923076923077, 0.076923076923077, 0.076923076923077, 0.076923076923077, 0.076923076923077, 0.076923076923077, 0.076923076923077, 0.076923076923077, 0.076923076923077, 0.076923076923077, 0.076923076923077, 0.076923076923077 ],
[ 0.071225071225071, 0.071225071225071, 0.071225071225071, 0.071225071225071, 0.071225071225071, 0.071225071225071, 0.071225071225071, 0.071225071225071, 0.14529914529915, 0.071225071225071, 0.071225071225071, 0.071225071225071, 0.071225071225071 ],
[ 0.076923076923077, 0.076923076923077, 0.076923076923077, 0.076923076923077, 0.076923076923077, 0.076923076923077, 0.076923076923077, 0.076923076923077, 0.076923076923077, 0.076923076923077, 0.076923076923077, 0.076923076923077, 0.076923076923077 ],
[ 0.65276267815978, 0.015281211353566, 0.015281211353566, 0.015281211353566, 0.015281211353566, 0.015281211353566, 0.015281211353566, 0.179143996951, 0.015281211353566, 0.015281211353566, 0.015281211353566, 0.015281211353566, 0.015281211353566 ],
[ 0.076923076923077, 0.076923076923077, 0.076923076923077, 0.076923076923077, 0.076923076923077, 0.076923076923077, 0.076923076923077, 0.076923076923077, 0.076923076923077, 0.076923076923077, 0.076923076923077, 0.076923076923077, 0.076923076923077 ],
]