[
[ 0.013101175714649, 0.013101175714649, 0.013101175714649, 0.013101175714649, 0.1595762089128, 0.13065323259234, 0.12635021970106, 0.013101175714649, 0.013101175714649, 0.013101175714649, 0.057334098828285, 0.42127683424833, 0.013101175714649 ],
[ 0.0060683792772782, 0.0060683792772782, 0.0060683792772782, 0.027764757137589, 0.0060683792772782, 0.0060683792772782, 0.66358234591379, 0.0060683792772782, 0.24796910417583, 0.0060683792772782, 0.0060683792772782, 0.0060683792772782, 0.0060683792772782 ],
[ 0.044883876558626, 0.044883876558626, 0.044883876558626, 0.044883876558626, 0.044883876558626, 0.044883876558626, 0.044883876558626, 0.044883876558626, 0.044883876558626, 0.46139348129649, 0.044883876558626, 0.044883876558626, 0.044883876558626 ],
[ 0.006068379277278, 0.006068379277278, 0.006068379277278, 0.78451826897445, 0.006068379277278, 0.006068379277278, 0.006068379277278, 0.006068379277278, 0.14872955897549, 0.006068379277278, 0.006068379277278, 0.006068379277278, 0.006068379277278 ],
[ 0.013101175714648, 0.013101175714648, 0.013101175714648, 0.013101175714648, 0.67918825201896, 0.17669881511992, 0.013101175714648, 0.013101175714648, 0.013101175714648, 0.013101175714648, 0.013101175714648, 0.013101175714648, 0.013101175714648 ],
[ 0.032990989179821, 0.032990989179821, 0.032990989179821, 0.39008084235014, 0.20996279762505, 0.070046468226599, 0.032990989179821, 0.032990989179821, 0.032990989179821, 0.032990989179821, 0.032990989179821, 0.032990989179821, 0.032990989179821 ],
[ 0.0012055184220259, 0.0012055184220259, 0.0012055184220259, 0.0052756572275013, 0.0012055184220259, 0.10810655609207, 0.45912641062292, 0.0012055184220259, 0.0012055184220259, 0.0012055184220259, 0.0012055184220259, 0.41664171025927, 0.0012055184220259 ],
[ 0.056540757907419, 0.056540757907419, 0.32151090511097, 0.056540757907419, 0.056540757907419, 0.056540757907419, 0.056540757907419, 0.056540757907419, 0.056540757907419, 0.056540757907419, 0.056540757907419, 0.056540757907419, 0.056540757907419 ],
[ 0.052352553617981, 0.052352553617981, 0.052352553617981, 0.052352553617981, 0.052352553617981, 0.052352553617981, 0.052352553617981, 0.052352553617981, 0.22910817688601, 0.052352553617981, 0.052352553617981, 0.052352553617981, 0.1950137333162 ],
[ 0.0056188697011835, 0.0056188697011835, 0.0056188697011835, 0.0056188697011835, 0.0056188697011835, 0.0056188697011835, 0.85849948951172, 0.0056188697011835, 0.0056188697011835, 0.0056188697011835, 0.079692943775258, 0.0056188697011835, 0.0056188697011835 ],
[ 0.015281211353565, 0.015281211353565, 0.015281211353565, 0.015281211353565, 0.015281211353565, 0.015281211353565, 0.78356914735718, 0.015281211353565, 0.015281211353565, 0.015281211353565, 0.015281211353565, 0.048337527753598, 0.015281211353565 ],
[ 0.076923076923077, 0.076923076923077, 0.076923076923077, 0.076923076923077, 0.076923076923077, 0.076923076923077, 0.076923076923077, 0.076923076923077, 0.076923076923077, 0.076923076923077, 0.076923076923077, 0.076923076923077, 0.076923076923077 ],
[ 0.015028344193002, 0.0070781575890173, 0.0070781575890173, 0.0070781575890173, 0.014439441481595, 0.0070781575890173, 0.11987398355829, 0.0070781575890173, 0.18087363653211, 0.032297493986289, 0.58793999712559, 0.0070781575890173, 0.0070781575890173 ],
[ 0.026189310874089, 0.026189310874089, 0.026189310874089, 0.026189310874089, 0.026189310874089, 0.026189310874089, 0.026189310874089, 0.026189310874089, 0.27468824305612, 0.29456815763068, 0.026189310874089, 0.026189310874089, 0.16885049057231 ],
[ 0.0076444101961384, 0.0076444101961384, 0.67628983287533, 0.0076444101961384, 0.0076444101961384, 0.0076444101961384, 0.0076444101961384, 0.0076444101961384, 0.0076444101961384, 0.033453895987315, 0.15030558989436, 0.0076444101961384, 0.071150989477752 ],
[ 0.022453112889308, 0.16511429258752, 0.022453112889308, 0.022453112889308, 0.081459096890041, 0.022453112889308, 0.022453112889308, 0.093819220683101, 0.022453112889308, 0.022453112889308, 0.022453112889308, 0.45752937383556, 0.022453112889308 ],
[ 0.035630268314207, 0.035630268314207, 0.17829144801242, 0.30947869335385, 0.035630268314207, 0.035630268314207, 0.15592717549166, 0.035630268314207, 0.035630268314207, 0.035630268314207, 0.035630268314207, 0.035630268314207, 0.035630268314207 ],
[ 0.32677938144106, 0.15576235541286, 0.013101175714648, 0.013101175714648, 0.013101175714648, 0.013101175714648, 0.28588444767121, 0.013101175714648, 0.013101175714648, 0.013101175714648, 0.013101175714648, 0.076607754996261, 0.050156654761423 ],
[ 0.00088609202828507, 0.00088609202828507, 0.39599030682113, 0.1435472717265, 0.36672332794759, 0.00088609202828507, 0.00088609202828507, 0.00088609202828507, 0.00088609202828507, 0.00088609202828507, 0.00088609202828507, 0.085764265250206, 0.00088609202828507 ],
[ 0.030547212203538, 0.030547212203538, 0.030547212203538, 0.17320839190175, 0.030547212203538, 0.13368242068901, 0.030547212203538, 0.030547212203538, 0.030547212203538, 0.030547212203538, 0.030547212203538, 0.030547212203538, 0.38763706537386 ],
[ 0.010400135677558, 0.010400135677558, 0.22698727454039, 0.010400135677558, 0.010400135677558, 0.010400135677558, 0.010400135677558, 0.044710764424572, 0.010400135677558, 0.38023050879445, 0.010400135677558, 0.045513656159727, 0.2193567106604 ],
[ 0.076923076923077, 0.076923076923077, 0.076923076923077, 0.076923076923077, 0.076923076923077, 0.076923076923077, 0.076923076923077, 0.076923076923077, 0.076923076923077, 0.076923076923077, 0.076923076923077, 0.076923076923077, 0.076923076923077 ],
[ 0.05654075790742, 0.13061483198149, 0.05654075790742, 0.05654075790742, 0.05654075790742, 0.12512786353156, 0.17884972541275, 0.05654075790742, 0.05654075790742, 0.05654075790742, 0.05654075790742, 0.05654075790742, 0.05654075790742 ],
[ 0.12172211791002, 0.038480689779343, 0.038480689779343, 0.45499029451721, 0.038480689779343, 0.038480689779343, 0.038480689779343, 0.038480689779343, 0.038480689779343, 0.038480689779343, 0.038480689779343, 0.038480689779343, 0.038480689779343 ],
[ 0.1024913534473, 0.019249925316624, 0.084242601166417, 0.044469261713895, 0.019249925316624, 0.13720316036093, 0.18866160365911, 0.019249925316624, 0.12846588369099, 0.056305404363398, 0.019249925316624, 0.019249925316624, 0.16191110501484 ],
[ 0.019249925316622, 0.14155889282195, 0.019249925316622, 0.019249925316622, 0.019249925316622, 0.019249925316622, 0.16191110501484, 0.019249925316622, 0.27265937036328, 0.25062130395033, 0.019249925316622, 0.019249925316622, 0.019249925316622 ],
[ 0.27467646777998, 0.0028108337644633, 0.0028108337644633, 0.0028108337644633, 0.0028108337644633, 0.12914189425862, 0.0028108337644633, 0.0028108337644633, 0.0028108337644633, 0.0028108337644633, 0.55693845872038, 0.013945675360851, 0.0028108337644633 ],
[ 0.032990989179821, 0.087437644942519, 0.16508467408558, 0.13847260902451, 0.10706506325389, 0.032990989179821, 0.032990989179821, 0.032990989179821, 0.032990989179821, 0.032990989179821, 0.032990989179821, 0.032990989179821, 0.23801209525493 ],
[ 0.019249925316622, 0.019249925316622, 0.019249925316622, 0.019249925316622, 0.019249925316622, 0.082756504598236, 0.70549431691892, 0.019249925316622, 0.019249925316622, 0.019249925316622, 0.019249925316622, 0.019249925316622, 0.019249925316622 ],
[ 0.024249361920453, 0.024249361920453, 0.024249361920453, 0.024249361920453, 0.10612141560056, 0.024249361920453, 0.024249361920453, 0.37055427414398, 0.13816951135272, 0.024249361920453, 0.16691054161867, 0.024249361920453, 0.024249361920453 ],
[ 0.035630268314206, 0.035630268314206, 0.035630268314206, 0.035630268314206, 0.035630268314206, 0.035630268314206, 0.52575754860855, 0.035630268314206, 0.082309499935178, 0.035630268314206, 0.035630268314206, 0.035630268314206, 0.035630268314206 ],
[ 0.061064018540013, 0.061064018540013, 0.061064018540013, 0.061064018540013, 0.061064018540013, 0.061064018540013, 0.061064018540013, 0.061064018540013, 0.26723177751984, 0.061064018540013, 0.061064018540013, 0.061064018540013, 0.061064018540013 ],
[ 0.032990989179821, 0.032990989179821, 0.032990989179821, 0.25430635320325, 0.032990989179821, 0.032990989179821, 0.032990989179821, 0.032990989179821, 0.032990989179821, 0.16038048302768, 0.032990989179821, 0.032990989179821, 0.25540327197086 ],
[ 0.052352553617981, 0.052352553617981, 0.052352553617981, 0.052352553617981, 0.22910817688601, 0.052352553617981, 0.1950137333162, 0.052352553617981, 0.052352553617981, 0.052352553617981, 0.052352553617981, 0.052352553617981, 0.052352553617981 ],
[ 0.065949140023214, 0.065949140023214, 0.065949140023214, 0.20861031972143, 0.065949140023214, 0.065949140023214, 0.065949140023214, 0.065949140023214, 0.065949140023214, 0.065949140023214, 0.065949140023214, 0.065949140023214, 0.065949140023214 ],
[ 0.065949140023214, 0.065949140023214, 0.065949140023214, 0.065949140023214, 0.065949140023214, 0.20861031972143, 0.065949140023214, 0.065949140023214, 0.065949140023214, 0.065949140023214, 0.065949140023214, 0.065949140023214, 0.065949140023214 ],
[ 0.00010528549045537, 0.14515013526651, 4.7574706855754e-05, 4.7574706855754e-05, 4.7574706855754e-05, 0.05459936083226, 4.7574706855754e-05, 4.7574706855754e-05, 0.0014870541634385, 0.58680558332289, 0.20961887688286, 0.001948255800449, 4.7574706855754e-05 ],
[ 0.061064018540013, 0.061064018540013, 0.061064018540013, 0.061064018540013, 0.061064018540013, 0.061064018540013, 0.061064018540013, 0.12457059782163, 0.061064018540013, 0.061064018540013, 0.061064018540013, 0.061064018540013, 0.20372519823823 ],
[ 0.061064018540013, 0.061064018540013, 0.061064018540013, 0.061064018540013, 0.061064018540013, 0.061064018540013, 0.061064018540013, 0.061064018540013, 0.061064018540013, 0.061064018540013, 0.26723177751985, 0.061064018540013, 0.061064018540013 ],
[ 0.143963139594, 0.001301959895788, 0.001301959895788, 0.31538389459467, 0.001301959895788, 0.02853884320484, 0.001301959895788, 0.001301959895788, 0.001301959895788, 0.001301959895788, 0.50039648354439, 0.001301959895788, 0.001301959895788 ],
[ 0.094863993416026, 0.020789919341952, 0.020789919341952, 0.020789919341952, 0.020789919341952, 0.020789919341952, 0.020789919341952, 0.020789919341952, 0.20568794176621, 0.067469150962923, 0.020789919341952, 0.1995269108851, 0.26613264823412 ],
[ 0.079033559656171, 0.0026026238559845, 0.0026026238559845, 0.45115014783003, 0.0026026238559845, 0.32184435972845, 0.0026026238559845, 0.0026026238559845, 0.05047424400742, 0.0026026238559845, 0.076676697930059, 0.0026026238559845, 0.0026026238559845 ],
[ 0.0082559630118291, 0.016842164544133, 0.0082559630118291, 0.131362670767, 0.0082559630118291, 0.017529060666716, 0.0082559630118291, 0.0082559630118291, 0.20464266633911, 0.15920590614008, 0.0082559630118291, 0.41262579046015, 0.0082559630118291 ],
[ 0.15333481259666, 0.048474586683316, 0.048474586683316, 0.186055240039, 0.048474586683316, 0.048474586683316, 0.048474586683316, 0.048474586683316, 0.048474586683316, 0.048474586683316, 0.048474586683316, 0.048474586683316, 0.17586408053117 ],
[ 0.0060683792772783, 0.0060683792772783, 0.0060683792772783, 0.0060683792772783, 0.14872955897549, 0.046088296647795, 0.0060683792772783, 0.74449835160393, 0.0060683792772783, 0.0060683792772783, 0.0060683792772783, 0.0060683792772783, 0.0060683792772783 ],
[ 0.030547212203538, 0.030547212203538, 0.030547212203538, 0.030547212203538, 0.030547212203538, 0.45075235648881, 0.030547212203538, 0.030547212203538, 0.070567129574056, 0.17320839190175, 0.030547212203538, 0.030547212203538, 0.030547212203538 ],
[ 0.076923076923077, 0.076923076923077, 0.076923076923077, 0.076923076923077, 0.076923076923077, 0.076923076923077, 0.076923076923077, 0.076923076923077, 0.076923076923077, 0.076923076923077, 0.076923076923077, 0.076923076923077, 0.076923076923077 ],
[ 0.061064018540013, 0.13513809261409, 0.061064018540013, 0.061064018540013, 0.061064018540013, 0.061064018540013, 0.061064018540013, 0.061064018540013, 0.061064018540013, 0.061064018540013, 0.19315770344577, 0.061064018540013, 0.061064018540013 ],
[ 0.019249925316622, 0.13383754387057, 0.019249925316622, 0.019249925316622, 0.019249925316622, 0.019249925316622, 0.26110254300664, 0.019249925316622, 0.22825804181343, 0.040871441432256, 0.019249925316622, 0.18193102734413, 0.019249925316622 ],
[ 0.038480689779343, 0.2021433039164, 0.038480689779343, 0.16840134953099, 0.038480689779343, 0.038480689779343, 0.038480689779343, 0.038480689779343, 0.038480689779343, 0.10198726906096, 0.038480689779343, 0.038480689779343, 0.18114186947756 ],
[ 0.012130718254304, 0.012130718254304, 0.012130718254304, 0.21829847723413, 0.012130718254304, 0.23569486786887, 0.17315131920344, 0.012130718254304, 0.012130718254304, 0.1924649481566, 0.012130718254304, 0.038371887982014, 0.057103471774814 ],
[ 0.0060683792772783, 0.0060683792772783, 0.76402986702926, 0.0060683792772783, 0.0060683792772783, 0.1487295589755, 0.0060683792772783, 0.0060683792772783, 0.0060683792772783, 0.026556781222465, 0.0060683792772783, 0.0060683792772783, 0.0060683792772783 ],
[ 0.076923076923077, 0.076923076923077, 0.076923076923077, 0.076923076923077, 0.076923076923077, 0.076923076923077, 0.076923076923077, 0.076923076923077, 0.076923076923077, 0.076923076923077, 0.076923076923077, 0.076923076923077, 0.076923076923077 ],
[ 0.065949140023214, 0.065949140023214, 0.065949140023214, 0.065949140023214, 0.065949140023214, 0.065949140023214, 0.065949140023214, 0.20861031972143, 0.065949140023214, 0.065949140023214, 0.065949140023214, 0.065949140023214, 0.065949140023214 ],
[ 0.15916488796007, 0.080010287543464, 0.59578774187796, 0.016503708261851, 0.016503708261851, 0.016503708261851, 0.016503708261851, 0.016503708261851, 0.016503708261851, 0.016503708261851, 0.016503708261851, 0.016503708261851, 0.016503708261851 ],
[ 0.076923076923077, 0.076923076923077, 0.076923076923077, 0.076923076923077, 0.076923076923077, 0.076923076923077, 0.076923076923077, 0.076923076923077, 0.076923076923077, 0.076923076923077, 0.076923076923077, 0.076923076923077, 0.076923076923077 ],
[ 0.071225071225071, 0.071225071225071, 0.071225071225071, 0.071225071225071, 0.071225071225071, 0.071225071225071, 0.071225071225071, 0.071225071225071, 0.14529914529915, 0.071225071225071, 0.071225071225071, 0.071225071225071, 0.071225071225071 ],
[ 0.020789919341952, 0.020789919341952, 0.020789919341952, 0.020789919341952, 0.020789919341952, 0.020789919341952, 0.020789919341952, 0.020789919341952, 0.020789919341952, 0.020789919341952, 0.020789919341952, 0.020789919341952, 0.75052096789657 ],
[ 0.0070781575890174, 0.0070781575890174, 0.0070781575890174, 0.0070781575890174, 0.0070781575890174, 0.0070781575890174, 0.0070781575890174, 0.0070781575890174, 0.0070781575890174, 0.0070781575890174, 0.70889434995196, 0.21324591656885, 0.0070781575890174 ],
[ 0.020789919341952, 0.020789919341952, 0.020789919341952, 0.75052096789657, 0.020789919341952, 0.020789919341952, 0.020789919341952, 0.020789919341952, 0.020789919341952, 0.020789919341952, 0.020789919341952, 0.020789919341952, 0.020789919341952 ],
[ 0.00047872795168764, 0.0051148200976353, 0.37795073821097, 0.00047872795168764, 0.00047872795168764, 0.00047872795168764, 0.00047872795168764, 0.00047872795168764, 0.26544887515523, 0.00047872795168764, 0.00047872795168764, 0.34298556396601, 0.0046701789566427 ],
[ 0.025305677066227, 0.60729839309569, 0.0048172751210422, 0.0048172751210422, 0.0048172751210422, 0.14747845481926, 0.0048172751210422, 0.0048172751210422, 0.0048172751210422, 0.0048172751210422, 0.0048172751210422, 0.0048172751210422, 0.17656199892944 ],
[ 0.15480818894811, 0.041559144961691, 0.041559144961691, 0.18422032465991, 0.041559144961691, 0.18187345749347, 0.041559144961691, 0.041559144961691, 0.041559144961691, 0.041559144961691, 0.1050657242433, 0.041559144961691, 0.041559144961691 ],
[ 0.061064018540013, 0.061064018540013, 0.061064018540013, 0.061064018540013, 0.20372519823823, 0.061064018540013, 0.12457059782163, 0.061064018540013, 0.061064018540013, 0.061064018540013, 0.061064018540013, 0.061064018540013, 0.061064018540013 ],
[ 0.065949140023214, 0.065949140023214, 0.065949140023214, 0.065949140023214, 0.065949140023214, 0.13453624564736, 0.14002321409729, 0.065949140023214, 0.065949140023214, 0.065949140023214, 0.065949140023214, 0.065949140023214, 0.065949140023214 ],
[ 0.076923076923077, 0.076923076923077, 0.076923076923077, 0.076923076923077, 0.076923076923077, 0.076923076923077, 0.076923076923077, 0.076923076923077, 0.076923076923077, 0.076923076923077, 0.076923076923077, 0.076923076923077, 0.076923076923077 ],
[ 0.061064018540013, 0.061064018540013, 0.061064018540013, 0.061064018540013, 0.061064018540013, 0.12965112416416, 0.061064018540013, 0.061064018540013, 0.061064018540013, 0.13513809261409, 0.061064018540013, 0.061064018540013, 0.12457059782163 ],
[ 0.044883876558626, 0.044883876558626, 0.044883876558626, 0.044883876558626, 0.044883876558626, 0.044883876558626, 0.044883876558626, 0.46139348129649, 0.044883876558626, 0.044883876558626, 0.044883876558626, 0.044883876558626, 0.044883876558626 ],
[ 0.016503708261851, 0.65929432115957, 0.016503708261851, 0.016503708261851, 0.016503708261851, 0.016503708261851, 0.15916488796007, 0.016503708261851, 0.016503708261851, 0.016503708261851, 0.016503708261851, 0.016503708261851, 0.016503708261851 ],
[ 0.032990989179821, 0.032990989179821, 0.032990989179821, 0.032990989179821, 0.032990989179821, 0.032990989179821, 0.032990989179821, 0.032990989179821, 0.3735635010215, 0.032990989179821, 0.032990989179821, 0.032990989179821, 0.26353561800047 ],
[ 0.026189310874089, 0.026189310874089, 0.026189310874089, 0.026189310874089, 0.026189310874089, 0.30493556925231, 0.026189310874089, 0.15067695509881, 0.026189310874089, 0.026189310874089, 0.026189310874089, 0.026189310874089, 0.28249436690798 ],
[ 0.061064018540013, 0.26723177751984, 0.061064018540013, 0.061064018540013, 0.061064018540013, 0.061064018540013, 0.061064018540013, 0.061064018540013, 0.061064018540013, 0.061064018540013, 0.061064018540013, 0.061064018540013, 0.061064018540013 ],
[ 0.013101175714648, 0.2798532282839, 0.26806355696069, 0.15576235541286, 0.013101175714648, 0.013101175714648, 0.013101175714648, 0.013101175714648, 0.013101175714648, 0.013101175714648, 0.17841027791072, 0.013101175714648, 0.013101175714648 ],
[ 0.0030357004656203, 0.0030357004656203, 0.0030357004656203, 0.39691556810693, 0.12534466797095, 0.0030357004656203, 0.4302189026736, 0.0030357004656203, 0.0030357004656203, 0.0030357004656203, 0.020199557057945, 0.0030357004656203, 0.0030357004656203 ],
[ 0.044883876558626, 0.044883876558626, 0.044883876558626, 0.044883876558626, 0.044883876558626, 0.044883876558626, 0.044883876558626, 0.044883876558626, 0.044883876558626, 0.044883876558626, 0.46139348129649, 0.044883876558626, 0.044883876558626 ],
[ 0.044883876558626, 0.044883876558626, 0.044883876558626, 0.044883876558626, 0.044883876558626, 0.044883876558626, 0.044883876558626, 0.044883876558626, 0.044883876558626, 0.044883876558626, 0.044883876558626, 0.46139348129649, 0.044883876558626 ],
[ 0.015281211353565, 0.015281211353565, 0.62899153053849, 0.015281211353565, 0.015281211353565, 0.015281211353565, 0.15794239105178, 0.015281211353565, 0.015281211353565, 0.015281211353565, 0.015281211353565, 0.060253964874082, 0.015281211353565 ],
[ 0.04155914496169, 0.04155914496169, 0.04155914496169, 0.04155914496169, 0.04155914496169, 0.04155914496169, 0.04155914496169, 0.04155914496169, 0.15547929439395, 0.04155914496169, 0.04155914496169, 0.13145988734282, 0.29746936864632 ],
[ 0.076923076923077, 0.076923076923077, 0.076923076923077, 0.076923076923077, 0.076923076923077, 0.076923076923077, 0.076923076923077, 0.076923076923077, 0.076923076923077, 0.076923076923077, 0.076923076923077, 0.076923076923077, 0.076923076923077 ],
[ 0.31189087453265, 0.001406116687451, 0.39214811161145, 0.24484436793461, 0.001406116687451, 0.001406116687451, 0.001406116687451, 0.001406116687451, 0.001406116687451, 0.001406116687451, 0.038461595734226, 0.001406116687451, 0.001406116687451 ],
[ 0.076923076923077, 0.076923076923077, 0.076923076923077, 0.076923076923077, 0.076923076923077, 0.076923076923077, 0.076923076923077, 0.076923076923077, 0.076923076923077, 0.076923076923077, 0.076923076923077, 0.076923076923077, 0.076923076923077 ],
[ 0.0048172751210421, 0.0048172751210421, 0.0048172751210421, 0.0048172751210421, 0.0048172751210421, 0.0048172751210421, 0.71241287615343, 0.0048172751210421, 0.0048172751210421, 0.0048172751210421, 0.23459709751511, 0.0048172751210421, 0.0048172751210421 ],
[ 0.012130718254304, 0.012130718254304, 0.85443138094835, 0.012130718254304, 0.012130718254304, 0.012130718254304, 0.012130718254304, 0.012130718254304, 0.012130718254304, 0.012130718254304, 0.012130718254304, 0.012130718254304, 0.012130718254304 ],
[ 0.052352553617981, 0.052352553617981, 0.052352553617981, 0.37176935658423, 0.052352553617981, 0.052352553617981, 0.052352553617981, 0.052352553617981, 0.052352553617981, 0.052352553617981, 0.052352553617981, 0.052352553617981, 0.052352553617981 ],
[ 0.16885049057231, 0.02618931087409, 0.02618931087409, 0.02618931087409, 0.1146111288486, 0.02618931087409, 0.02618931087409, 0.4546452718382, 0.02618931087409, 0.02618931087409, 0.02618931087409, 0.02618931087409, 0.02618931087409 ],
[ 0.030547212203538, 0.030547212203538, 0.030547212203538, 0.030547212203538, 0.10462128627761, 0.030547212203538, 0.030547212203538, 0.084993867966242, 0.030547212203538, 0.13368242068901, 0.030547212203538, 0.4017775152353, 0.030547212203538 ],
[ 0.36216545607091, 0.024249361920454, 0.10612141560055, 0.024249361920454, 0.024249361920454, 0.024249361920454, 0.15163885576831, 0.024249361920454, 0.024249361920454, 0.024249361920454, 0.16183001527614, 0.024249361920454, 0.024249361920454 ],
[ 0.076923076923077, 0.076923076923077, 0.076923076923077, 0.076923076923077, 0.076923076923077, 0.076923076923077, 0.076923076923077, 0.076923076923077, 0.076923076923077, 0.076923076923077, 0.076923076923077, 0.076923076923077, 0.076923076923077 ],
[ 0.076923076923077, 0.076923076923077, 0.076923076923077, 0.076923076923077, 0.076923076923077, 0.076923076923077, 0.076923076923077, 0.076923076923077, 0.076923076923077, 0.076923076923077, 0.076923076923077, 0.076923076923077, 0.076923076923077 ],
[ 0.052352553617981, 0.25381612153992, 0.052352553617981, 0.052352553617981, 0.052352553617981, 0.052352553617981, 0.052352553617981, 0.1703057886623, 0.052352553617981, 0.052352553617981, 0.052352553617981, 0.052352553617981, 0.052352553617981 ],
[ 0.14529914529915, 0.071225071225071, 0.071225071225071, 0.071225071225071, 0.071225071225071, 0.071225071225071, 0.071225071225071, 0.071225071225071, 0.071225071225071, 0.071225071225071, 0.071225071225071, 0.071225071225071, 0.071225071225071 ],
[ 0.076923076923077, 0.076923076923077, 0.076923076923077, 0.076923076923077, 0.076923076923077, 0.076923076923077, 0.076923076923077, 0.076923076923077, 0.076923076923077, 0.076923076923077, 0.076923076923077, 0.076923076923077, 0.076923076923077 ],
[ 0.012130718254304, 0.012130718254304, 0.012130718254304, 0.85443138094835, 0.012130718254304, 0.012130718254304, 0.012130718254304, 0.012130718254304, 0.012130718254304, 0.012130718254304, 0.012130718254304, 0.012130718254304, 0.012130718254304 ],
[ 0.056540757907419, 0.056540757907419, 0.056540757907419, 0.32151090511097, 0.056540757907419, 0.056540757907419, 0.056540757907419, 0.056540757907419, 0.056540757907419, 0.056540757907419, 0.056540757907419, 0.056540757907419, 0.056540757907419 ],
[ 0.019249925316623, 0.019249925316623, 0.019249925316623, 0.019249925316623, 0.76900089620053, 0.019249925316623, 0.019249925316623, 0.019249925316623, 0.019249925316623, 0.019249925316623, 0.019249925316623, 0.019249925316623, 0.019249925316623 ],
[ 0.076923076923077, 0.076923076923077, 0.076923076923077, 0.076923076923077, 0.076923076923077, 0.076923076923077, 0.076923076923077, 0.076923076923077, 0.076923076923077, 0.076923076923077, 0.076923076923077, 0.076923076923077, 0.076923076923077 ],
[ 0.013101175714648, 0.013101175714648, 0.057334098828279, 0.050156654761421, 0.013101175714648, 0.013101175714648, 0.12864649529383, 0.1107693422375, 0.076607754996262, 0.013101175714648, 0.34211624418195, 0.013101175714648, 0.15576235541287 ],
[ 0.048474586683316, 0.048474586683316, 0.048474586683316, 0.048474586683316, 0.048474586683316, 0.048474586683316, 0.048474586683316, 0.048474586683316, 0.048474586683316, 0.19113576638153, 0.16642782172763, 0.048474586683316, 0.15769054505768 ],
[ 0.032990989179821, 0.032990989179821, 0.29107104298527, 0.032990989179821, 0.032990989179821, 0.10706506325389, 0.032990989179821, 0.032990989179821, 0.032990989179821, 0.032990989179821, 0.032990989179821, 0.032990989179821, 0.27195400196263 ],
[ 0.12254866075739, 0.048474586683316, 0.048474586683316, 0.048474586683316, 0.048474586683316, 0.048474586683316, 0.048474586683316, 0.048474586683316, 0.34423088572614, 0.048474586683316, 0.048474586683316, 0.048474586683316, 0.048474586683316 ],
[ 0.032990989179821, 0.032990989179821, 0.032990989179821, 0.032990989179821, 0.032990989179821, 0.032990989179821, 0.032990989179821, 0.032990989179821, 0.1070650632539, 0.032990989179821, 0.16508467408558, 0.032990989179821, 0.39794037086232 ],
[ 0.011232146531763, 0.011232146531763, 0.79114016754477, 0.085306220605837, 0.011232146531763, 0.011232146531763, 0.011232146531763, 0.011232146531763, 0.011232146531763, 0.011232146531763, 0.011232146531763, 0.011232146531763, 0.011232146531763 ],
[ 0.012130718254303, 0.012130718254303, 0.012130718254303, 0.17095260027589, 0.012130718254303, 0.012130718254303, 0.43063935172323, 0.012130718254303, 0.14971137160999, 0.13952021210216, 0.012130718254303, 0.012130718254303, 0.012130718254303 ],
[ 0.071225071225071, 0.14529914529915, 0.071225071225071, 0.071225071225071, 0.071225071225071, 0.071225071225071, 0.071225071225071, 0.071225071225071, 0.071225071225071, 0.071225071225071, 0.071225071225071, 0.071225071225071, 0.071225071225071 ],
[ 0.076923076923077, 0.076923076923077, 0.076923076923077, 0.076923076923077, 0.076923076923077, 0.076923076923077, 0.076923076923077, 0.076923076923077, 0.076923076923077, 0.076923076923077, 0.076923076923077, 0.076923076923077, 0.076923076923077 ],
[ 0.061064018540013, 0.061064018540013, 0.061064018540013, 0.061064018540013, 0.061064018540013, 0.061064018540013, 0.12457059782163, 0.061064018540013, 0.061064018540013, 0.061064018540013, 0.20372519823823, 0.061064018540013, 0.061064018540013 ],
[ 0.035630268314206, 0.035630268314206, 0.035630268314206, 0.035630268314206, 0.035630268314206, 0.035630268314206, 0.035630268314206, 0.035630268314206, 0.035630268314206, 0.17829144801242, 0.42977560053131, 0.035630268314206, 0.035630268314206 ],
[ 0.071225071225071, 0.071225071225071, 0.071225071225071, 0.071225071225071, 0.071225071225071, 0.071225071225071, 0.14529914529915, 0.071225071225071, 0.071225071225071, 0.071225071225071, 0.071225071225071, 0.071225071225071, 0.071225071225071 ],
[ 0.00655384961946, 0.202418660511, 0.59512172457161, 0.00655384961946, 0.00655384961946, 0.13692111872279, 0.00655384961946, 0.00655384961946, 0.00655384961946, 0.00655384961946, 0.00655384961946, 0.00655384961946, 0.00655384961946 ],
[ 0.04155914496169, 0.50129026045971, 0.04155914496169, 0.04155914496169, 0.04155914496169, 0.04155914496169, 0.04155914496169, 0.04155914496169, 0.04155914496169, 0.04155914496169, 0.04155914496169, 0.04155914496169, 0.04155914496169 ],
[ 0.065949140023214, 0.065949140023214, 0.065949140023214, 0.065949140023214, 0.065949140023214, 0.065949140023214, 0.065949140023214, 0.065949140023214, 0.065949140023214, 0.20861031972143, 0.065949140023214, 0.065949140023214, 0.065949140023214 ],
[ 0.00075968109420873, 0.24497429527038, 0.00075968109420873, 0.00075968109420873, 0.00075968109420873, 0.00075968109420873, 0.00075968109420873, 0.00075968109420873, 0.00075968109420873, 0.00075968109420873, 0.48169906548978, 0.26572982829776, 0.00075968109420873 ],
[ 0.04155914496169, 0.04155914496169, 0.04155914496169, 0.04155914496169, 0.04155914496169, 0.18590654310552, 0.091972715112343, 0.04155914496169, 0.04155914496169, 0.04155914496169, 0.1003615331854, 0.24772690394152, 0.04155914496169 ],
[ 0.061064018540013, 0.061064018540013, 0.061064018540013, 0.061064018540013, 0.061064018540013, 0.26723177751984, 0.061064018540013, 0.061064018540013, 0.061064018540013, 0.061064018540013, 0.061064018540013, 0.061064018540013, 0.061064018540013 ],
[ 0.056540757907419, 0.056540757907419, 0.17884972541275, 0.056540757907419, 0.056540757907419, 0.19920193760564, 0.056540757907419, 0.056540757907419, 0.056540757907419, 0.056540757907419, 0.056540757907419, 0.056540757907419, 0.056540757907419 ],
[ 0.061064018540013, 0.061064018540013, 0.061064018540013, 0.061064018540013, 0.061064018540013, 0.061064018540013, 0.061064018540013, 0.26723177751984, 0.061064018540013, 0.061064018540013, 0.061064018540013, 0.061064018540013, 0.061064018540013 ],
[ 0.048474586683316, 0.12254866075739, 0.048474586683316, 0.048474586683316, 0.048474586683316, 0.048474586683316, 0.048474586683316, 0.048474586683316, 0.048474586683316, 0.048474586683316, 0.34423088572613, 0.048474586683316, 0.048474586683316 ],
[ 0.035630268314207, 0.57243678022952, 0.035630268314207, 0.035630268314207, 0.035630268314207, 0.035630268314207, 0.035630268314207, 0.035630268314207, 0.035630268314207, 0.035630268314207, 0.035630268314207, 0.035630268314207, 0.035630268314207 ],
[ 0.065949140023214, 0.065949140023214, 0.20861031972143, 0.065949140023214, 0.065949140023214, 0.065949140023214, 0.065949140023214, 0.065949140023214, 0.065949140023214, 0.065949140023214, 0.065949140023214, 0.065949140023214, 0.065949140023214 ],
[ 0.076923076923077, 0.076923076923077, 0.076923076923077, 0.076923076923077, 0.076923076923077, 0.076923076923077, 0.076923076923077, 0.076923076923077, 0.076923076923077, 0.076923076923077, 0.076923076923077, 0.076923076923077, 0.076923076923077 ],
[ 0.032990989179821, 0.032990989179821, 0.032990989179821, 0.15328789635727, 0.032990989179821, 0.29796113638337, 0.079670220800786, 0.032990989179821, 0.032990989179821, 0.032990989179821, 0.17216184384018, 0.032990989179821, 0.032990989179821 ],
[ 0.052352553617981, 0.052352553617981, 0.1950137333162, 0.052352553617981, 0.17030578866229, 0.1111549418417, 0.052352553617981, 0.052352553617981, 0.052352553617981, 0.052352553617981, 0.052352553617981, 0.052352553617981, 0.052352553617981 ],
[ 0.041559144961691, 0.041559144961691, 0.041559144961691, 0.041559144961691, 0.041559144961691, 0.041559144961691, 0.041559144961691, 0.18422032465991, 0.041559144961691, 0.041559144961691, 0.3586290807615, 0.041559144961691, 0.041559144961691 ],
[ 0.00047872795168766, 0.00047872795168766, 0.2791742396782, 0.13805938130738, 0.00047872795168766, 0.57797909949755, 0.00047872795168766, 0.00047872795168766, 0.00047872795168766, 0.00047872795168766, 0.00047872795168766, 0.00047872795168766, 0.00047872795168766 ],
[ 0.76158478812892, 0.007078157589017, 0.007078157589017, 0.017894298693677, 0.007078157589017, 0.14973933728723, 0.007078157589017, 0.007078157589017, 0.007078157589017, 0.007078157589017, 0.007078157589017, 0.007078157589017, 0.007078157589017 ],
[ 0.006068379277278, 0.006068379277278, 0.006068379277278, 0.3785416226759, 0.006068379277278, 0.006068379277278, 0.006068379277278, 0.006068379277278, 0.006068379277278, 0.006068379277278, 0.55470620527404, 0.006068379277278, 0.006068379277278 ],
[ 0.04155914496169, 0.04155914496169, 0.04155914496169, 0.04155914496169, 0.04155914496169, 0.04155914496169, 0.41138951807859, 0.04155914496169, 0.04155914496169, 0.04155914496169, 0.13145988734282, 0.04155914496169, 0.04155914496169 ],
[ 0.076923076923077, 0.076923076923077, 0.076923076923077, 0.076923076923077, 0.076923076923077, 0.076923076923077, 0.076923076923077, 0.076923076923077, 0.076923076923077, 0.076923076923077, 0.076923076923077, 0.076923076923077, 0.076923076923077 ],
[ 0.065949140023214, 0.065949140023214, 0.065949140023214, 0.065949140023214, 0.065949140023214, 0.065949140023214, 0.065949140023214, 0.14002321409729, 0.065949140023214, 0.13453624564736, 0.065949140023214, 0.065949140023214, 0.065949140023214 ],
[ 0.076923076923077, 0.076923076923077, 0.076923076923077, 0.076923076923077, 0.076923076923077, 0.076923076923077, 0.076923076923077, 0.076923076923077, 0.076923076923077, 0.076923076923077, 0.076923076923077, 0.076923076923077, 0.076923076923077 ],
[ 0.071225071225071, 0.071225071225071, 0.071225071225071, 0.071225071225071, 0.071225071225071, 0.071225071225071, 0.071225071225071, 0.071225071225071, 0.071225071225071, 0.14529914529915, 0.071225071225071, 0.071225071225071, 0.071225071225071 ],
[ 0.076923076923077, 0.076923076923077, 0.076923076923077, 0.076923076923077, 0.076923076923077, 0.076923076923077, 0.076923076923077, 0.076923076923077, 0.076923076923077, 0.076923076923077, 0.076923076923077, 0.076923076923077, 0.076923076923077 ],
[ 0.065949140023214, 0.065949140023214, 0.065949140023214, 0.065949140023214, 0.065949140023214, 0.065949140023214, 0.065949140023214, 0.14002321409729, 0.065949140023214, 0.065949140023214, 0.065949140023214, 0.13453624564736, 0.065949140023214 ],
[ 0.31831565331097, 0.015281211353566, 0.015281211353566, 0.015281211353566, 0.015281211353566, 0.015281211353566, 0.015281211353566, 0.39700506443026, 0.13186716872311, 0.015281211353566, 0.015281211353566, 0.015281211353566, 0.015281211353566 ],
[ 0.076923076923077, 0.076923076923077, 0.076923076923077, 0.076923076923077, 0.076923076923077, 0.076923076923077, 0.076923076923077, 0.076923076923077, 0.076923076923077, 0.076923076923077, 0.076923076923077, 0.076923076923077, 0.076923076923077 ],
[ 0.076923076923077, 0.076923076923077, 0.076923076923077, 0.076923076923077, 0.076923076923077, 0.076923076923077, 0.076923076923077, 0.076923076923077, 0.076923076923077, 0.076923076923077, 0.076923076923077, 0.076923076923077, 0.076923076923077 ],
[ 0.061064018540013, 0.061064018540013, 0.061064018540013, 0.061064018540013, 0.061064018540013, 0.061064018540013, 0.26723177751984, 0.061064018540013, 0.061064018540013, 0.061064018540013, 0.061064018540013, 0.061064018540013, 0.061064018540013 ],
[ 0.071225071225071, 0.071225071225071, 0.071225071225071, 0.14529914529915, 0.071225071225071, 0.071225071225071, 0.071225071225071, 0.071225071225071, 0.071225071225071, 0.071225071225071, 0.071225071225071, 0.071225071225071, 0.071225071225071 ],
[ 0.038480689779343, 0.038480689779343, 0.092927345542047, 0.16840134953099, 0.038480689779343, 0.038480689779343, 0.038480689779343, 0.038480689779343, 0.30345083698289, 0.038480689779343, 0.038480689779343, 0.088894259929989, 0.038480689779343 ],
[ 0.076923076923077, 0.076923076923077, 0.076923076923077, 0.076923076923077, 0.076923076923077, 0.076923076923077, 0.076923076923077, 0.076923076923077, 0.076923076923077, 0.076923076923077, 0.076923076923077, 0.076923076923077, 0.076923076923077 ],
[ 0.076923076923077, 0.076923076923077, 0.076923076923077, 0.076923076923077, 0.076923076923077, 0.076923076923077, 0.076923076923077, 0.076923076923077, 0.076923076923077, 0.076923076923077, 0.076923076923077, 0.076923076923077, 0.076923076923077 ],
[ 0.076923076923077, 0.076923076923077, 0.076923076923077, 0.076923076923077, 0.076923076923077, 0.076923076923077, 0.076923076923077, 0.076923076923077, 0.076923076923077, 0.076923076923077, 0.076923076923077, 0.076923076923077, 0.076923076923077 ],
[ 0.62498369241256, 0.016503708261851, 0.016503708261851, 0.016503708261851, 0.016503708261851, 0.016503708261851, 0.016503708261851, 0.19347551670708, 0.016503708261851, 0.016503708261851, 0.016503708261851, 0.016503708261851, 0.016503708261851 ],
[ 0.076923076923077, 0.076923076923077, 0.076923076923077, 0.076923076923077, 0.076923076923077, 0.076923076923077, 0.076923076923077, 0.076923076923077, 0.076923076923077, 0.076923076923077, 0.076923076923077, 0.076923076923077, 0.076923076923077 ],
]