[
[ 0.012130718254305, 0.012130718254305, 0.012130718254305, 0.012130718254305, 0.22182982306741, 0.12097521536328, 0.11699094416765, 0.012130718254305, 0.012130718254305, 0.012130718254305, 0.053087128544708, 0.39007114282253, 0.012130718254305 ],
[ 0.0052026571307256, 0.0052026571307256, 0.0052026571307256, 0.023803804130307, 0.0052026571307256, 0.0052026571307256, 0.56891490561883, 0.0052026571307256, 0.35525471894361, 0.0052026571307256, 0.0052026571307256, 0.0052026571307256, 0.0052026571307256 ],
[ 0.020789919341953, 0.020789919341953, 0.020789919341953, 0.094863993416027, 0.071203489492599, 0.020789919341953, 0.020789919341953, 0.020789919341953, 0.020789919341953, 0.48037082163042, 0.16645242138338, 0.020789919341953, 0.020789919341953 ],
[ 0.0048172751210421, 0.0048172751210421, 0.0048172751210421, 0.88973647884117, 0.0048172751210421, 0.0048172751210421, 0.0048172751210421, 0.0048172751210421, 0.057273494827365, 0.0048172751210421, 0.0048172751210421, 0.0048172751210421, 0.0048172751210421 ],
[ 0.0076444101961386, 0.066446798419855, 0.0076444101961386, 0.0076444101961386, 0.75400703814208, 0.10310206147668, 0.0076444101961386, 0.0076444101961386, 0.0076444101961386, 0.0076444101961386, 0.0076444101961386, 0.0076444101961386, 0.0076444101961386 ],
[ 0.19920873615733, 0.022453112889308, 0.022453112889308, 0.27933384042922, 0.12904577842487, 0.047672449286581, 0.022453112889308, 0.022453112889308, 0.022453112889308, 0.16511429258753, 0.022453112889308, 0.022453112889308, 0.022453112889308 ],
[ 0.0010335377417918, 0.0010335377417918, 0.0010335377417918, 0.0045230257437426, 0.0010335377417918, 0.092683947266861, 0.53628807495107, 0.0010335377417918, 0.0010335377417918, 0.0010335377417918, 0.0010335377417918, 0.3572031123622, 0.0010335377417918 ],
[ 0.044883876558626, 0.044883876558626, 0.25522572231667, 0.25105163553845, 0.044883876558626, 0.044883876558626, 0.044883876558626, 0.044883876558626, 0.044883876558626, 0.044883876558626, 0.044883876558626, 0.044883876558626, 0.044883876558626 ],
[ 0.035630268314207, 0.035630268314207, 0.035630268314207, 0.035630268314207, 0.14887931230063, 0.035630268314207, 0.035630268314207, 0.035630268314207, 0.15592717549165, 0.035630268314207, 0.035630268314207, 0.035630268314207, 0.33889082906565 ],
[ 0.0056188697011835, 0.0056188697011835, 0.0056188697011835, 0.0056188697011835, 0.0056188697011835, 0.0056188697011835, 0.90080446289412, 0.0056188697011835, 0.0056188697011835, 0.0056188697011835, 0.037387970392863, 0.0056188697011835, 0.0056188697011835 ],
[ 0.015281211353565, 0.015281211353565, 0.015281211353565, 0.015281211353565, 0.015281211353565, 0.015281211353565, 0.78356914735718, 0.015281211353565, 0.015281211353565, 0.015281211353565, 0.015281211353565, 0.048337527753598, 0.015281211353565 ],
[ 0.076923076923077, 0.076923076923077, 0.076923076923077, 0.076923076923077, 0.076923076923077, 0.076923076923077, 0.076923076923077, 0.076923076923077, 0.076923076923077, 0.076923076923077, 0.076923076923077, 0.076923076923077, 0.076923076923077 ],
[ 0.010228038536997, 0.0048172751210423, 0.0048172751210423, 0.0048172751210423, 0.0098272412469261, 0.0048172751210423, 0.14038660719499, 0.0048172751210423, 0.12309955781014, 0.021981131713367, 0.45458873867045, 0.0048172751210423, 0.21098503410087 ],
[ 0.020789919341952, 0.020789919341952, 0.020789919341952, 0.020789919341952, 0.020789919341952, 0.020789919341952, 0.020789919341952, 0.020789919341952, 0.43865088093915, 0.2494185781687, 0.020789919341952, 0.020789919341952, 0.10403134747263 ],
[ 0.0035408410230995, 0.0035408410230995, 0.74531171452869, 0.0035408410230995, 0.0035408410230995, 0.0035408410230995, 0.077614915097174, 0.0035408410230995, 0.0035408410230995, 0.015495626772386, 0.095399545646843, 0.0035408410230995, 0.037851469770112 ],
[ 0.010400135677558, 0.067052852960389, 0.010400135677558, 0.010400135677558, 0.037731323224726, 0.20129620880703, 0.084474209751632, 0.14458233946126, 0.10403521658836, 0.010400135677558, 0.010400135677558, 0.29842703514125, 0.010400135677558 ],
[ 0.019249925316623, 0.019249925316623, 0.085329654755318, 0.44154544933262, 0.019249925316623, 0.019249925316623, 0.28062564274583, 0.019249925316623, 0.019249925316623, 0.019249925316623, 0.019249925316623, 0.019249925316623, 0.019249925316623 ],
[ 0.43770391740619, 0.064297127478967, 0.0076444101961385, 0.0076444101961385, 0.0076444101961385, 0.0076444101961385, 0.31415284591386, 0.0076444101961385, 0.0076444101961385, 0.0076444101961385, 0.0076444101961385, 0.032863746593409, 0.089827081038468 ],
[ 0.0006513040931145, 0.0006513040931145, 0.5929476052006, 0.026892473820825, 0.30373107622639, 0.0006513040931145, 0.0006513040931145, 0.0006513040931145, 0.0006513040931145, 0.0006513040931145, 0.0006513040931145, 0.070567107914152, 0.0006513040931145 ],
[ 0.030547212203538, 0.030547212203538, 0.030547212203538, 0.15285617970887, 0.030547212203538, 0.13368242068901, 0.030547212203538, 0.030547212203538, 0.030547212203538, 0.030547212203538, 0.030547212203538, 0.030547212203538, 0.40798927756675 ],
[ 0.0070781575890171, 0.0070781575890171, 0.18526893341702, 0.0070781575890171, 0.0070781575890171, 0.0070781575890171, 0.0070781575890171, 0.030429394993897, 0.0070781575890171, 0.36884104302262, 0.0070781575890171, 0.030975829617882, 0.32785953823644 ],
[ 0.065949140023214, 0.065949140023214, 0.065949140023214, 0.065949140023214, 0.065949140023214, 0.065949140023214, 0.065949140023214, 0.065949140023214, 0.065949140023214, 0.065949140023214, 0.065949140023214, 0.065949140023214, 0.20861031972143 ],
[ 0.041559144961691, 0.091972715112337, 0.041559144961691, 0.041559144961691, 0.041559144961691, 0.088238376582663, 0.28188849118277, 0.041559144961691, 0.041559144961691, 0.041559144961691, 0.041559144961691, 0.16386811246702, 0.041559144961691 ],
[ 0.096626941642231, 0.030547212203538, 0.030547212203538, 0.56735372411885, 0.030547212203538, 0.030547212203538, 0.030547212203538, 0.030547212203538, 0.030547212203538, 0.030547212203538, 0.030547212203538, 0.030547212203538, 0.030547212203538 ],
[ 0.051271193701917, 0.0096297552569991, 0.042142274221967, 0.022245702241475, 0.073136334538613, 0.068635739257732, 0.19204593889069, 0.20554486262285, 0.064264925628051, 0.17082790007493, 0.0096297552569991, 0.0096297552569991, 0.080995863050785 ],
[ 0.0082559630118287, 0.046812850460825, 0.0082559630118287, 0.0082559630118287, 0.0082559630118287, 0.0082559630118287, 0.053228716532341, 0.0082559630118287, 0.2582277564918, 0.56742700940857, 0.0082559630118287, 0.0082559630118287, 0.0082559630118287 ],
[ 0.27467646777998, 0.0028108337644633, 0.0028108337644633, 0.0028108337644633, 0.0028108337644633, 0.12914189425862, 0.0028108337644633, 0.0028108337644633, 0.0028108337644633, 0.0028108337644633, 0.55693845872038, 0.013945675360851, 0.0028108337644633 ],
[ 0.011232146531763, 0.17572918869082, 0.0469329682438, 0.052343942736744, 0.03125206886105, 0.011232146531763, 0.011232146531763, 0.011232146531763, 0.011232146531763, 0.10494034286137, 0.011232146531763, 0.011232146531763, 0.51017646288387 ],
[ 0.0076444101961386, 0.079010517989921, 0.0076444101961386, 0.0076444101961386, 0.0076444101961386, 0.023536870003847, 0.68342785668916, 0.14522506355183, 0.0076444101961386, 0.0076444101961386, 0.0076444101961386, 0.0076444101961386, 0.0076444101961386 ],
[ 0.0070781575890174, 0.0070781575890174, 0.0070781575890174, 0.0070781575890174, 0.089778217841607, 0.0070781575890174, 0.057491727739666, 0.45125030413158, 0.10006763155017, 0.0070781575890174, 0.24478685802484, 0.0070781575890174, 0.0070781575890174 ],
[ 0.024249361920454, 0.024249361920454, 0.024249361920454, 0.024249361920454, 0.024249361920454, 0.024249361920454, 0.47577498834094, 0.083051750144168, 0.19867964231035, 0.024249361920454, 0.024249361920454, 0.024249361920454, 0.024249361920454 ],
[ 0.032990989179821, 0.032990989179821, 0.032990989179821, 0.032990989179821, 0.032990989179821, 0.032990989179821, 0.032990989179821, 0.16038048302768, 0.47671863599429, 0.032990989179821, 0.032990989179821, 0.032990989179821, 0.032990989179821 ],
[ 0.020789919341952, 0.020789919341952, 0.020789919341952, 0.14992530857357, 0.094863993416026, 0.020789919341952, 0.1256501452553, 0.020789919341952, 0.020789919341952, 0.095120465459483, 0.020789919341952, 0.14309888684728, 0.24581176505468 ],
[ 0.11563321903577, 0.041559144961691, 0.041559144961691, 0.041559144961691, 0.18187345749346, 0.041559144961691, 0.1548081889481, 0.11014625058583, 0.041559144961691, 0.041559144961691, 0.041559144961691, 0.10506572424331, 0.041559144961691 ],
[ 0.065949140023214, 0.065949140023214, 0.065949140023214, 0.20861031972143, 0.065949140023214, 0.065949140023214, 0.065949140023214, 0.065949140023214, 0.065949140023214, 0.065949140023214, 0.065949140023214, 0.065949140023214, 0.065949140023214 ],
[ 0.065949140023214, 0.065949140023214, 0.065949140023214, 0.065949140023214, 0.065949140023214, 0.20861031972143, 0.065949140023214, 0.065949140023214, 0.065949140023214, 0.065949140023214, 0.065949140023214, 0.065949140023214, 0.065949140023214 ],
[ 3.0731831036408e-05, 0.042367940849486, 1.3886603428204e-05, 0.031782987295107, 0.034324515350442, 0.055956950332378, 1.3886603428204e-05, 1.3886603428204e-05, 0.00043405693505459, 0.70682152869276, 0.061185751982953, 0.037624156343296, 0.029429720577205 ],
[ 0.022453112889309, 0.31282453423213, 0.022453112889309, 0.022453112889309, 0.022453112889309, 0.29030969280019, 0.022453112889309, 0.049689996198361, 0.022453112889309, 0.022453112889309, 0.096527186963383, 0.022453112889309, 0.071023686691463 ],
[ 0.020789919341953, 0.020789919341953, 0.020789919341953, 0.020789919341953, 0.020789919341953, 0.020789919341953, 0.06401143010211, 0.141543225037, 0.25677141004989, 0.020789919341953, 0.35056466073343, 0.020789919341953, 0.020789919341953 ],
[ 0.012598005559534, 0.00044326662193307, 0.00044326662193307, 0.55883074142201, 0.00044326662193307, 0.011259407726593, 0.00044326662193307, 0.00044326662193307, 0.00044326662193307, 0.00044326662193307, 0.41332244569447, 0.00044326662193307, 0.00044326662193307 ],
[ 0.30372590416711, 0.0082559630118288, 0.0082559630118288, 0.0082559630118288, 0.083246574463671, 0.0082559630118288, 0.0082559630118288, 0.0082559630118288, 0.15966452893158, 0.035492846320884, 0.0082559630118288, 0.1688232130088, 0.19125519202516 ],
[ 0.071089853875465, 0.002231330466379, 0.002231330466379, 0.55023618137855, 0.002231330466379, 0.29275701135101, 0.002231330466379, 0.002231330466379, 0.045815056868279, 0.002231330466379, 0.022251252795666, 0.002231330466379, 0.002231330466379 ],
[ 0.0060683792772775, 0.012379493725647, 0.0060683792772775, 0.10226477318032, 0.0060683792772775, 0.012884382881518, 0.0060683792772775, 0.0060683792772775, 0.37154571142716, 0.1272022668828, 0.0060683792772775, 0.33124471696161, 0.0060683792772775 ],
[ 0.13145988734282, 0.041559144961691, 0.041559144961691, 0.23358645408008, 0.041559144961691, 0.11014625058583, 0.041559144961691, 0.041559144961691, 0.041559144961691, 0.041559144961691, 0.041559144961691, 0.041559144961691, 0.15077510333606 ],
[ 0.004460439926891, 0.004460439926891, 0.004460439926891, 0.004460439926891, 0.046101878371807, 0.11284514274798, 0.004460439926891, 0.7964485796113, 0.004460439926891, 0.004460439926891, 0.004460439926891, 0.004460439926891, 0.004460439926891 ],
[ 0.019249925316622, 0.13720316036093, 0.16191110501484, 0.019249925316622, 0.019249925316622, 0.30787145724767, 0.019249925316622, 0.019249925316622, 0.044469261713894, 0.085329654755316, 0.019249925316622, 0.12846588369099, 0.019249925316622 ],
[ 0.061064018540013, 0.061064018540013, 0.061064018540013, 0.061064018540013, 0.061064018540013, 0.061064018540013, 0.061064018540013, 0.061064018540013, 0.26723177751984, 0.061064018540013, 0.061064018540013, 0.061064018540013, 0.061064018540013 ],
[ 0.052352553617981, 0.11585913289959, 0.052352553617981, 0.052352553617981, 0.052352553617981, 0.052352553617981, 0.052352553617981, 0.052352553617981, 0.052352553617981, 0.12642662769206, 0.1656015976044, 0.12093965924212, 0.052352553617981 ],
[ 0.070931752947442, 0.10534231964799, 0.004460439926891, 0.004460439926891, 0.004460439926891, 0.051139671547862, 0.064543693083196, 0.004460439926891, 0.23540905908497, 0.0094704060527753, 0.23985890877945, 0.098774494460975, 0.10668793468778 ],
[ 0.013101175714648, 0.078835606109123, 0.15068182907034, 0.057334098828285, 0.013101175714648, 0.36910552351411, 0.013101175714648, 0.013101175714648, 0.013101175714648, 0.031638140834359, 0.013101175714648, 0.013101175714648, 0.22069657164125 ],
[ 0.0044604399268908, 0.0044604399268908, 0.0044604399268908, 0.17731728206311, 0.0044604399268908, 0.34196235191506, 0.31877125612167, 0.0044604399268908, 0.0044604399268908, 0.061309310024998, 0.0044604399268908, 0.014109263576741, 0.05530745681019 ],
[ 0.0028108337644632, 0.24815356265664, 0.59092872882047, 0.0028108337644632, 0.0028108337644632, 0.033418534134863, 0.0028108337644632, 0.0028108337644632, 0.0028108337644632, 0.012300928126734, 0.0028108337644632, 0.092711576145594, 0.0028108337644632 ],
[ 0.076923076923077, 0.076923076923077, 0.076923076923077, 0.076923076923077, 0.076923076923077, 0.076923076923077, 0.076923076923077, 0.076923076923077, 0.076923076923077, 0.076923076923077, 0.076923076923077, 0.076923076923077, 0.076923076923077 ],
[ 0.052352553617981, 0.11585913289959, 0.052352553617981, 0.12642662769206, 0.052352553617981, 0.052352553617981, 0.052352553617981, 0.1656015976044, 0.052352553617981, 0.052352553617981, 0.052352553617981, 0.052352553617981, 0.12093965924212 ],
[ 0.16643068184493, 0.083868316977708, 0.5968888876417, 0.015281211353566, 0.015281211353566, 0.015281211353566, 0.015281211353566, 0.015281211353566, 0.015281211353566, 0.015281211353566, 0.015281211353566, 0.015281211353566, 0.015281211353566 ],
[ 0.052352553617981, 0.052352553617981, 0.1703057886623, 0.052352553617981, 0.17974204746584, 0.052352553617981, 0.12642662769205, 0.052352553617981, 0.052352553617981, 0.052352553617981, 0.052352553617981, 0.052352553617981, 0.052352553617981 ],
[ 0.04155914496169, 0.04155914496169, 0.04155914496169, 0.39456217041795, 0.04155914496169, 0.04155914496169, 0.04155914496169, 0.04155914496169, 0.14828723500346, 0.04155914496169, 0.04155914496169, 0.04155914496169, 0.04155914496169 ],
[ 0.019249925316622, 0.019249925316622, 0.019249925316622, 0.019249925316622, 0.019249925316622, 0.019249925316622, 0.019249925316622, 0.019249925316622, 0.019249925316622, 0.019249925316622, 0.019249925316622, 0.019249925316622, 0.76900089620053 ],
[ 0.0060683792772783, 0.0060683792772783, 0.0060683792772783, 0.0060683792772783, 0.0060683792772783, 0.0060683792772783, 0.0060683792772783, 0.0060683792772783, 0.0060683792772783, 0.0060683792772783, 0.84530739499256, 0.087940432957382, 0.0060683792772783 ],
[ 0.019249925316622, 0.019249925316622, 0.019249925316622, 0.76900089620053, 0.019249925316622, 0.019249925316622, 0.019249925316622, 0.019249925316622, 0.019249925316622, 0.019249925316622, 0.019249925316622, 0.019249925316622, 0.019249925316622 ],
[ 0.00017602727431812, 0.038936187781746, 0.33621019623402, 0.063682606555931, 0.00017602727431812, 0.00017602727431812, 0.00017602727431812, 0.040195944644835, 0.024557533232111, 0.00017602727431812, 0.058978415498034, 0.43484176457153, 0.0017172151102054 ],
[ 0.012659138814942, 0.54787306056828, 0.0024098369036894, 0.056856492666389, 0.089108985895183, 0.17812733300194, 0.0024098369036894, 0.0024098369036894, 0.0024098369036894, 0.0024098369036894, 0.0024098369036894, 0.0024098369036894, 0.098506130727445 ],
[ 0.37474501119126, 0.024249361920453, 0.024249361920453, 0.17607789567528, 0.024249361920453, 0.10612141560055, 0.024249361920453, 0.024249361920453, 0.024249361920453, 0.024249361920453, 0.061304840967224, 0.087755941202066, 0.024249361920453 ],
[ 0.035630268314206, 0.035630268314206, 0.035630268314206, 0.035630268314206, 0.1127056647315, 0.035630268314206, 0.34382192627791, 0.035630268314206, 0.035630268314206, 0.035630268314206, 0.18716972584853, 0.035630268314206, 0.035630268314206 ],
[ 0.1705743746851, 0.038480689779343, 0.038480689779343, 0.038480689779343, 0.038480689779343, 0.17559340892147, 0.2690253186, 0.038480689779343, 0.038480689779343, 0.038480689779343, 0.038480689779343, 0.038480689779343, 0.038480689779343 ],
[ 0.076923076923077, 0.076923076923077, 0.076923076923077, 0.076923076923077, 0.076923076923077, 0.076923076923077, 0.076923076923077, 0.076923076923077, 0.076923076923077, 0.076923076923077, 0.076923076923077, 0.076923076923077, 0.076923076923077 ],
[ 0.048474586683316, 0.048474586683316, 0.048474586683316, 0.048474586683316, 0.048474586683316, 0.10292124244602, 0.048474586683316, 0.048474586683316, 0.048474586683316, 0.1813510489811, 0.11706169230745, 0.048474586683316, 0.16239473611558 ],
[ 0.028284455744017, 0.028284455744017, 0.028284455744017, 0.082731111506718, 0.028284455744017, 0.21918052887349, 0.028284455744017, 0.41524380217962, 0.028284455744017, 0.028284455744017, 0.028284455744017, 0.028284455744017, 0.028284455744017 ],
[ 0.016503708261851, 0.71205475847666, 0.016503708261851, 0.016503708261851, 0.016503708261851, 0.016503708261851, 0.10640445064298, 0.016503708261851, 0.016503708261851, 0.016503708261851, 0.016503708261851, 0.016503708261851, 0.016503708261851 ],
[ 0.032990989179821, 0.032990989179821, 0.032990989179821, 0.032990989179821, 0.032990989179821, 0.032990989179821, 0.032990989179821, 0.032990989179821, 0.3735635010215, 0.032990989179821, 0.032990989179821, 0.032990989179821, 0.26353561800047 ],
[ 0.091040218513451, 0.022453112889308, 0.022453112889308, 0.022453112889308, 0.022453112889308, 0.26143310121083, 0.022453112889308, 0.12918120293108, 0.022453112889308, 0.096527186963382, 0.022453112889308, 0.022453112889308, 0.24219338726679 ],
[ 0.061064018540013, 0.26723177751984, 0.061064018540013, 0.061064018540013, 0.061064018540013, 0.061064018540013, 0.061064018540013, 0.061064018540013, 0.061064018540013, 0.061064018540013, 0.061064018540013, 0.061064018540013, 0.061064018540013 ],
[ 0.0082559630118297, 0.24660980274189, 0.38746187352467, 0.069440897677284, 0.058669533162479, 0.0082559630118297, 0.0082559630118297, 0.0082559630118297, 0.0082559630118297, 0.0082559630118297, 0.11732353303634, 0.062702618774531, 0.0082559630118297 ],
[ 0.0020660467281288, 0.0020660467281288, 0.0020660467281288, 0.65267492798108, 0.035122363128162, 0.0020660467281288, 0.27986080921643, 0.0020660467281288, 0.0020660467281288, 0.0020660467281288, 0.013747479121162, 0.0020660467281288, 0.0020660467281288 ],
[ 0.041559144961691, 0.041559144961691, 0.041559144961691, 0.041559144961691, 0.041559144961691, 0.041559144961691, 0.11563321903576, 0.041559144961691, 0.041559144961691, 0.041559144961691, 0.42721618638564, 0.041559144961691, 0.041559144961691 ],
[ 0.02618931087409, 0.02618931087409, 0.02618931087409, 0.1441425459184, 0.072868542495055, 0.02618931087409, 0.02618931087409, 0.10026338494816, 0.13540526924845, 0.02618931087409, 0.02618931087409, 0.33780577039721, 0.02618931087409 ],
[ 0.011232146531763, 0.011232146531763, 0.69749109015598, 0.011232146531763, 0.011232146531763, 0.011232146531763, 0.14589898159459, 0.011232146531763, 0.011232146531763, 0.011232146531763, 0.011232146531763, 0.044288462931799, 0.011232146531763 ],
[ 0.024249361920453, 0.024249361920453, 0.024249361920453, 0.083051750144167, 0.024249361920453, 0.024249361920453, 0.024249361920453, 0.024249361920453, 0.25132005599424, 0.024249361920453, 0.024249361920453, 0.076705581626778, 0.37067835495074 ],
[ 0.076923076923077, 0.076923076923077, 0.076923076923077, 0.076923076923077, 0.076923076923077, 0.076923076923077, 0.076923076923077, 0.076923076923077, 0.076923076923077, 0.076923076923077, 0.076923076923077, 0.076923076923077, 0.076923076923077 ],
[ 0.33618668948327, 0.0011162207611351, 0.32894407435219, 0.15984424295576, 0.0011162207611351, 0.0011162207611351, 0.13320990566689, 0.0011162207611351, 0.0011162207611351, 0.0011162207611351, 0.032885321452815, 0.0011162207611351, 0.0011162207611351 ],
[ 0.065949140023214, 0.065949140023214, 0.065949140023214, 0.20861031972143, 0.065949140023214, 0.065949140023214, 0.065949140023214, 0.065949140023214, 0.065949140023214, 0.065949140023214, 0.065949140023214, 0.065949140023214, 0.065949140023214 ],
[ 0.0044604399268908, 0.0044604399268908, 0.0044604399268908, 0.0044604399268908, 0.0044604399268908, 0.0044604399268908, 0.73371562606799, 0.0044604399268908, 0.0044604399268908, 0.0044604399268908, 0.21721953473621, 0.0044604399268908, 0.0044604399268908 ],
[ 0.012130718254304, 0.012130718254304, 0.85443138094835, 0.012130718254304, 0.012130718254304, 0.012130718254304, 0.012130718254304, 0.012130718254304, 0.012130718254304, 0.012130718254304, 0.012130718254304, 0.012130718254304, 0.012130718254304 ],
[ 0.048474586683316, 0.048474586683316, 0.048474586683316, 0.41830495980021, 0.048474586683316, 0.048474586683316, 0.048474586683316, 0.048474586683316, 0.048474586683316, 0.048474586683316, 0.048474586683316, 0.048474586683316, 0.048474586683316 ],
[ 0.16194389012971, 0.01650370826185, 0.085090813885993, 0.01650370826185, 0.12263802245382, 0.01650370826185, 0.080010287543463, 0.4182873198922, 0.01650370826185, 0.01650370826185, 0.01650370826185, 0.01650370826185, 0.01650370826185 ],
[ 0.017824004922798, 0.017824004922798, 0.017824004922798, 0.017824004922798, 0.054879483969574, 0.017824004922798, 0.017824004922798, 0.11818021123862, 0.017824004922798, 0.078002408487431, 0.017824004922798, 0.58852185199919, 0.017824004922798 ],
[ 0.41149383561024, 0.020789919341952, 0.090982009259731, 0.020789919341952, 0.020789919341952, 0.020789919341952, 0.11442500025276, 0.020789919341952, 0.020789919341952, 0.020789919341952, 0.1959898807997, 0.020789919341952, 0.020789919341952 ],
[ 0.04155914496169, 0.04155914496169, 0.04155914496169, 0.15885472979593, 0.16386811246702, 0.04155914496169, 0.091972715112335, 0.04155914496169, 0.04155914496169, 0.14268503234536, 0.04155914496169, 0.11014625058583, 0.04155914496169 ],
[ 0.044883876558626, 0.044883876558626, 0.044883876558626, 0.044883876558626, 0.044883876558626, 0.15813292054505, 0.044883876558626, 0.044883876558626, 0.14197667833025, 0.10839045584023, 0.044883876558626, 0.044883876558626, 0.18754505625684 ],
[ 0.048474586683315, 0.23501492735178, 0.12254866075739, 0.048474586683315, 0.048474586683315, 0.048474586683315, 0.048474586683315, 0.15769054505768, 0.048474586683315, 0.048474586683315, 0.048474586683315, 0.048474586683315, 0.048474586683315 ],
[ 0.18941722020521, 0.056540757907419, 0.12512786353156, 0.056540757907419, 0.056540757907419, 0.056540757907419, 0.056540757907419, 0.12004733718904, 0.056540757907419, 0.056540757907419, 0.056540757907419, 0.056540757907419, 0.056540757907419 ],
[ 0.065949140023214, 0.065949140023214, 0.065949140023214, 0.065949140023214, 0.065949140023214, 0.065949140023214, 0.065949140023214, 0.065949140023214, 0.20861031972143, 0.065949140023214, 0.065949140023214, 0.065949140023214, 0.065949140023214 ],
[ 0.012130718254304, 0.012130718254304, 0.012130718254304, 0.85443138094835, 0.012130718254304, 0.012130718254304, 0.012130718254304, 0.012130718254304, 0.012130718254304, 0.012130718254304, 0.012130718254304, 0.012130718254304, 0.012130718254304 ],
[ 0.056540757907419, 0.056540757907419, 0.056540757907419, 0.32151090511097, 0.056540757907419, 0.056540757907419, 0.056540757907419, 0.056540757907419, 0.056540757907419, 0.056540757907419, 0.056540757907419, 0.056540757907419, 0.056540757907419 ],
[ 0.013101175714648, 0.013101175714648, 0.013101175714648, 0.013101175714648, 0.84278589142422, 0.013101175714648, 0.013101175714648, 0.013101175714648, 0.013101175714648, 0.013101175714648, 0.013101175714648, 0.013101175714648, 0.013101175714648 ],
[ 0.071225071225071, 0.071225071225071, 0.14529914529915, 0.071225071225071, 0.071225071225071, 0.071225071225071, 0.071225071225071, 0.071225071225071, 0.071225071225071, 0.071225071225071, 0.071225071225071, 0.071225071225071, 0.071225071225071 ],
[ 0.0096297552569983, 0.0096297552569983, 0.042142274221967, 0.03686663856605, 0.0096297552569983, 0.0096297552569983, 0.094559014498603, 0.091812426099323, 0.046685234303774, 0.0096297552569983, 0.53728469738062, 0.0096297552569983, 0.092871183387677 ],
[ 0.048474586683316, 0.048474586683316, 0.048474586683316, 0.048474586683316, 0.048474586683316, 0.048474586683316, 0.048474586683316, 0.048474586683316, 0.048474586683316, 0.19113576638153, 0.16642782172763, 0.048474586683316, 0.15769054505768 ],
[ 0.017824004922798, 0.017824004922798, 0.48707571922845, 0.017824004922798, 0.017824004922798, 0.052134633669813, 0.017824004922798, 0.017824004922798, 0.017824004922798, 0.017824004922798, 0.091898078996872, 0.017824004922798, 0.20847552379968 ],
[ 0.060499939621103, 0.02618931087409, 0.02618931087409, 0.069410821634246, 0.02618931087409, 0.02618931087409, 0.02618931087409, 0.02618931087409, 0.43039306600525, 0.02618931087409, 0.02618931087409, 0.2039923748726, 0.02618931087409 ],
[ 0.02618931087409, 0.02618931087409, 0.02618931087409, 0.02618931087409, 0.02618931087409, 0.10026338494816, 0.02618931087409, 0.15828299577984, 0.07660288102474, 0.02618931087409, 0.11609005325522, 0.02618931087409, 0.33924619799931 ],
[ 0.011232146531763, 0.011232146531763, 0.79114016754477, 0.085306220605837, 0.011232146531763, 0.011232146531763, 0.011232146531763, 0.011232146531763, 0.011232146531763, 0.011232146531763, 0.011232146531763, 0.011232146531763, 0.011232146531763 ],
[ 0.0076444101961379, 0.0076444101961379, 0.0076444101961379, 0.12663902441802, 0.0076444101961379, 0.0076444101961379, 0.69906045117739, 0.0076444101961379, 0.054485262709042, 0.051015569930308, 0.0076444101961379, 0.0076444101961379, 0.0076444101961379 ],
[ 0.065949140023214, 0.13453624564736, 0.065949140023214, 0.065949140023214, 0.065949140023214, 0.065949140023214, 0.065949140023214, 0.065949140023214, 0.065949140023214, 0.065949140023214, 0.065949140023214, 0.14002321409729, 0.065949140023214 ],
[ 0.076923076923077, 0.076923076923077, 0.076923076923077, 0.076923076923077, 0.076923076923077, 0.076923076923077, 0.076923076923077, 0.076923076923077, 0.076923076923077, 0.076923076923077, 0.076923076923077, 0.076923076923077, 0.076923076923077 ],
[ 0.048474586683315, 0.048474586683315, 0.048474586683315, 0.048474586683315, 0.048474586683315, 0.048474586683315, 0.098888156833968, 0.048474586683315, 0.048474586683315, 0.048474586683315, 0.30438481036795, 0.048474586683315, 0.11198116596493 ],
[ 0.035630268314207, 0.035630268314207, 0.035630268314207, 0.035630268314207, 0.035630268314207, 0.035630268314207, 0.035630268314207, 0.035630268314207, 0.035630268314207, 0.14049049422755, 0.46757655431617, 0.035630268314207, 0.035630268314207 ],
[ 0.061064018540013, 0.061064018540013, 0.061064018540013, 0.061064018540013, 0.061064018540013, 0.061064018540013, 0.12457059782163, 0.061064018540013, 0.061064018540013, 0.061064018540013, 0.061064018540013, 0.061064018540013, 0.20372519823823 ],
[ 0.0052026571307251, 0.23476053297182, 0.47242681229647, 0.0052026571307251, 0.0052026571307251, 0.1086923985187, 0.0052026571307251, 0.068709236412339, 0.0052026571307251, 0.073789762754867, 0.0052026571307251, 0.0052026571307251, 0.0052026571307251 ],
[ 0.038480689779343, 0.53823172264788, 0.038480689779343, 0.038480689779343, 0.038480689779343, 0.038480689779343, 0.038480689779343, 0.038480689779343, 0.038480689779343, 0.038480689779343, 0.038480689779343, 0.038480689779343, 0.038480689779343 ],
[ 0.061064018540013, 0.061064018540013, 0.061064018540013, 0.061064018540013, 0.061064018540013, 0.061064018540013, 0.13513809261409, 0.061064018540013, 0.061064018540013, 0.19315770344577, 0.061064018540013, 0.061064018540013, 0.061064018540013 ],
[ 0.00051702618782271, 0.21156464427658, 0.00051702618782271, 0.00051702618782271, 0.00051702618782271, 0.00051702618782271, 0.00051702618782271, 0.00051702618782271, 0.00051702618782271, 0.064023605469436, 0.68055110261662, 0.039207411946951, 0.00051702618782271 ],
[ 0.032990989179821, 0.032990989179821, 0.032990989179821, 0.16508467408558, 0.032990989179821, 0.15880375273631, 0.14708498062441, 0.032990989179821, 0.032990989179821, 0.032990989179821, 0.091793377403531, 0.1733053017116, 0.032990989179821 ],
[ 0.061064018540013, 0.061064018540013, 0.061064018540013, 0.061064018540013, 0.061064018540013, 0.26723177751984, 0.061064018540013, 0.061064018540013, 0.061064018540013, 0.061064018540013, 0.061064018540013, 0.061064018540013, 0.061064018540013 ],
[ 0.056540757907419, 0.056540757907419, 0.17884972541275, 0.056540757907419, 0.056540757907419, 0.19920193760564, 0.056540757907419, 0.056540757907419, 0.056540757907419, 0.056540757907419, 0.056540757907419, 0.056540757907419, 0.056540757907419 ],
[ 0.061064018540013, 0.061064018540013, 0.061064018540013, 0.061064018540013, 0.061064018540013, 0.061064018540013, 0.061064018540013, 0.26723177751984, 0.061064018540013, 0.061064018540013, 0.061064018540013, 0.061064018540013, 0.061064018540013 ],
[ 0.041559144961691, 0.10506572424331, 0.041559144961691, 0.041559144961691, 0.041559144961691, 0.041559144961691, 0.041559144961691, 0.18422032465991, 0.041559144961691, 0.041559144961691, 0.29512250147988, 0.041559144961691, 0.041559144961691 ],
[ 0.035630268314207, 0.57243678022952, 0.035630268314207, 0.035630268314207, 0.035630268314207, 0.035630268314207, 0.035630268314207, 0.035630268314207, 0.035630268314207, 0.035630268314207, 0.035630268314207, 0.035630268314207, 0.035630268314207 ],
[ 0.065949140023214, 0.065949140023214, 0.20861031972143, 0.065949140023214, 0.065949140023214, 0.065949140023214, 0.065949140023214, 0.065949140023214, 0.065949140023214, 0.065949140023214, 0.065949140023214, 0.065949140023214, 0.065949140023214 ],
[ 0.076923076923077, 0.076923076923077, 0.076923076923077, 0.076923076923077, 0.076923076923077, 0.076923076923077, 0.076923076923077, 0.076923076923077, 0.076923076923077, 0.076923076923077, 0.076923076923077, 0.076923076923077, 0.076923076923077 ],
[ 0.022453112889309, 0.022453112889309, 0.022453112889309, 0.10432516656941, 0.022453112889309, 0.20278734279161, 0.31919236078453, 0.022453112889309, 0.022453112889309, 0.022453112889309, 0.17161711385067, 0.022453112889309, 0.022453112889309 ],
[ 0.048474586683316, 0.048474586683316, 0.23579770474381, 0.048474586683316, 0.16747526245811, 0.11198116596493, 0.048474586683316, 0.048474586683316, 0.048474586683316, 0.048474586683316, 0.048474586683316, 0.048474586683316, 0.048474586683316 ],
[ 0.035630268314206, 0.035630268314206, 0.035630268314206, 0.035630268314206, 0.035630268314206, 0.035630268314206, 0.035630268314206, 0.14049049422756, 0.035630268314206, 0.035630268314206, 0.32491537461795, 0.17829144801243, 0.035630268314206 ],
[ 0.00047872795168765, 0.00047872795168765, 0.22033541855242, 0.02999641050263, 0.00047872795168765, 0.74488089142807, 0.00047872795168765, 0.00047872795168765, 0.00047872795168765, 0.00047872795168765, 0.00047872795168765, 0.00047872795168765, 0.00047872795168765 ],
[ 0.70787195252676, 0.0056188697011833, 0.0056188697011833, 0.014205071233486, 0.0056188697011833, 0.22173427922792, 0.0056188697011833, 0.0056188697011833, 0.0056188697011833, 0.0056188697011833, 0.0056188697011833, 0.0056188697011833, 0.0056188697011833 ],
[ 0.0048172751210419, 0.0048172751210419, 0.0048172751210419, 0.30049854464822, 0.0048172751210419, 0.0048172751210419, 0.0048172751210419, 0.0048172751210419, 0.0048172751210419, 0.0048172751210419, 0.64651142902032, 0.0048172751210419, 0.0048172751210419 ],
[ 0.03299098917982, 0.03299098917982, 0.03299098917982, 0.17565216887804, 0.03299098917982, 0.03299098917982, 0.32657426306854, 0.03299098917982, 0.03299098917982, 0.03299098917982, 0.16786367625522, 0.03299098917982, 0.03299098917982 ],
[ 0.065949140023214, 0.20861031972143, 0.065949140023214, 0.065949140023214, 0.065949140023214, 0.065949140023214, 0.065949140023214, 0.065949140023214, 0.065949140023214, 0.065949140023214, 0.065949140023214, 0.065949140023214, 0.065949140023214 ],
[ 0.056540757907419, 0.056540757907419, 0.056540757907419, 0.056540757907419, 0.056540757907419, 0.056540757907419, 0.056540757907419, 0.25800432582935, 0.056540757907419, 0.12004733718904, 0.056540757907419, 0.056540757907419, 0.056540757907419 ],
[ 0.076923076923077, 0.076923076923077, 0.076923076923077, 0.076923076923077, 0.076923076923077, 0.076923076923077, 0.076923076923077, 0.076923076923077, 0.076923076923077, 0.076923076923077, 0.076923076923077, 0.076923076923077, 0.076923076923077 ],
[ 0.071225071225071, 0.071225071225071, 0.071225071225071, 0.071225071225071, 0.071225071225071, 0.071225071225071, 0.071225071225071, 0.071225071225071, 0.071225071225071, 0.14529914529915, 0.071225071225071, 0.071225071225071, 0.071225071225071 ],
[ 0.076923076923077, 0.076923076923077, 0.076923076923077, 0.076923076923077, 0.076923076923077, 0.076923076923077, 0.076923076923077, 0.076923076923077, 0.076923076923077, 0.076923076923077, 0.076923076923077, 0.076923076923077, 0.076923076923077 ],
[ 0.056540757907419, 0.056540757907419, 0.056540757907419, 0.056540757907419, 0.056540757907419, 0.056540757907419, 0.056540757907419, 0.12004733718904, 0.19920193760564, 0.056540757907419, 0.056540757907419, 0.11534314613114, 0.056540757907419 ],
[ 0.31831565331097, 0.015281211353566, 0.015281211353566, 0.015281211353566, 0.015281211353566, 0.015281211353566, 0.015281211353566, 0.39700506443026, 0.13186716872311, 0.015281211353566, 0.015281211353566, 0.015281211353566, 0.015281211353566 ],
[ 0.076923076923077, 0.076923076923077, 0.076923076923077, 0.076923076923077, 0.076923076923077, 0.076923076923077, 0.076923076923077, 0.076923076923077, 0.076923076923077, 0.076923076923077, 0.076923076923077, 0.076923076923077, 0.076923076923077 ],
[ 0.071225071225071, 0.14529914529915, 0.071225071225071, 0.071225071225071, 0.071225071225071, 0.071225071225071, 0.071225071225071, 0.071225071225071, 0.071225071225071, 0.071225071225071, 0.071225071225071, 0.071225071225071, 0.071225071225071 ],
[ 0.061064018540013, 0.061064018540013, 0.061064018540013, 0.061064018540013, 0.061064018540013, 0.061064018540013, 0.26723177751984, 0.061064018540013, 0.061064018540013, 0.061064018540013, 0.061064018540013, 0.061064018540013, 0.061064018540013 ],
[ 0.071225071225071, 0.071225071225071, 0.071225071225071, 0.14529914529915, 0.071225071225071, 0.071225071225071, 0.071225071225071, 0.071225071225071, 0.071225071225071, 0.071225071225071, 0.071225071225071, 0.071225071225071, 0.071225071225071 ],
[ 0.035630268314206, 0.035630268314206, 0.10421737393835, 0.15592717549166, 0.10970434238828, 0.035630268314206, 0.035630268314206, 0.035630268314206, 0.26279946173289, 0.035630268314206, 0.035630268314206, 0.082309499935174, 0.035630268314206 ],
[ 0.076923076923077, 0.076923076923077, 0.076923076923077, 0.076923076923077, 0.076923076923077, 0.076923076923077, 0.076923076923077, 0.076923076923077, 0.076923076923077, 0.076923076923077, 0.076923076923077, 0.076923076923077, 0.076923076923077 ],
[ 0.071225071225071, 0.071225071225071, 0.071225071225071, 0.071225071225071, 0.071225071225071, 0.071225071225071, 0.071225071225071, 0.071225071225071, 0.14529914529915, 0.071225071225071, 0.071225071225071, 0.071225071225071, 0.071225071225071 ],
[ 0.076923076923077, 0.076923076923077, 0.076923076923077, 0.076923076923077, 0.076923076923077, 0.076923076923077, 0.076923076923077, 0.076923076923077, 0.076923076923077, 0.076923076923077, 0.076923076923077, 0.076923076923077, 0.076923076923077 ],
[ 0.65276267815978, 0.015281211353566, 0.015281211353566, 0.015281211353566, 0.015281211353566, 0.015281211353566, 0.015281211353566, 0.179143996951, 0.015281211353566, 0.015281211353566, 0.015281211353566, 0.015281211353566, 0.015281211353566 ],
[ 0.076923076923077, 0.076923076923077, 0.076923076923077, 0.076923076923077, 0.076923076923077, 0.076923076923077, 0.076923076923077, 0.076923076923077, 0.076923076923077, 0.076923076923077, 0.076923076923077, 0.076923076923077, 0.076923076923077 ],
]